1706227588504 0.1483870893716812 0
1706227589509 0.14193548262119293 1
1706227590179 0.15161290764808655 2
1706227590833 0.1225806474685669 3
1706227591525 0.10967741906642914 4
1706227592495 0.18709677457809448 5
1706227593603 0.1806451678276062 6
1706227594233 0.19354838132858276 7
1706227595070 0.19354838132858276 8
1706227595835 0.17741934955120087 9
1706227596906 0.25161290168762207 10
1706227597783 0.21290323138237 11
1706227598435 0.21290323138237 12
1706227599341 0.24193547666072845 13
1706227600050 0.2612903118133545 14
1706227601208 0.38064515590667725 15
1706227601901 0.40645161271095276 16
1706227602716 0.4580645263195038 17
1706227603604 0.5451613068580627 18
1706227604343 0.625806450843811 19
1706227605124 0.6516128778457642 20
1706227605910 0.7354838848114014 21
1706227606760 0.7580645084381104 22
1706227607543 0.8290322422981262 23
1706227608268 0.8677419424057007 24
1706227609084 0.8999999761581421 25
1706227609858 0.948387086391449 26
1706227610654 0.9709677696228027 27
1706227611469 0.9838709831237793 28
1706227612438 0.9870967864990234 29
1706227627347 0.5 0
