1706227588504 62.81883239746094 0
1706227589509 233.4079132080078 1
1706227590179 269.6271057128906 2
1706227590833 283.1943664550781 3
1706227591525 243.8968048095703 4
1706227592495 153.40625 5
1706227593603 116.46212005615234 6
1706227594233 84.49411010742188 7
1706227595070 53.455013275146484 8
1706227595835 32.31846618652344 9
1706227596906 19.99594497680664 10
1706227597783 14.31875991821289 11
1706227598435 9.542089462280273 12
1706227599341 5.118230819702148 13
1706227600050 2.6423425674438477 14
1706227601208 1.7746161222457886 15
1706227601901 1.6429567337036133 16
1706227602716 1.5491623878479004 17
1706227603604 1.3024848699569702 18
1706227604343 1.057377576828003 19
1706227605124 1.0067989826202393 20
1706227605910 0.7447375059127808 21
1706227606760 0.6531589031219482 22
1706227607543 0.48747795820236206 23
1706227608268 0.37056416273117065 24
1706227609084 0.3040611147880554 25
1706227609858 0.18604670464992523 26
1706227610654 0.12716391682624817 27
1706227611469 0.11180226504802704 28
1706227612438 0.07303221523761749 29
