1706219109780 0.1225806474685669 0
1706219110620 0.12903225421905518 1
1706219111473 0.12903225421905518 2
1706219112384 0.11612903326749802 3
1706219113482 0.16129031777381897 4
1706219114521 0.14516128599643707 5
1706219115753 0.3774193525314331 6
1706219116856 0.13548387587070465 7
1706219117604 0.30000001192092896 8
1706219118519 0.4838709533214569 9
1706219119384 0.4193548262119293 10
1706219120262 0.551612913608551 11
1706219121815 0.6451612710952759 12
1706219123191 0.7354838848114014 13
1706219124512 0.8580645322799683 14
1706219126946 0.8612903356552124 15
1706219128004 0.874193549156189 16
1706219129093 0.7161290049552917 17
1706219129945 0.8096774220466614 18
1706219130771 0.8806451559066772 19
1706219144505 0.34375 0
