1706219109780 33.04813003540039 0
1706219110620 602.9423828125 1
1706219111473 271.40802001953125 2
1706219112384 211.01963806152344 3
1706219113482 62.1636848449707 4
1706219114521 26.460247039794922 5
1706219115753 7.796000003814697 6
1706219116856 14.140175819396973 7
1706219117604 5.022021293640137 8
1706219118519 2.500046491622925 9
1706219119384 1.810488224029541 10
1706219120262 1.5048938989639282 11
1706219121815 1.009883165359497 12
1706219123191 0.9358569979667664 13
1706219124512 0.5926159024238586 14
1706219126946 0.44696906208992004 15
1706219128004 0.5611176490783691 16
1706219129093 0.8552948832511902 17
1706219129945 0.8240917325019836 18
1706219130771 0.5220208168029785 19
