1706223606566 0.13548387587070465 0
1706223607708 0.25806450843811035 1
1706223609038 0.3677419424057007 2
1706223610523 0.5774193406105042 3
1706223612023 0.85161292552948 4
1706223613713 0.9322580695152283 5
1706223615064 0.9677419066429138 6
1706223616145 0.948387086391449 7
1706223617442 0.9903225898742676 8
1706223618623 0.9967741966247559 9
1706223619402 1.0 10
1706223620324 1.0 11
1706223621330 1.0 12
1706223622193 1.0 13
1706223623088 1.0 14
1706223624330 1.0 15
1706223625323 1.0 16
1706223626459 1.0 17
