1706223606566 253.20362854003906 0
1706223607708 7.236318111419678 1
1706223609038 3.0277843475341797 2
1706223610523 1.3249768018722534 3
1706223612023 0.6123816967010498 4
1706223613713 0.29539963603019714 5
1706223615064 0.15175065398216248 6
1706223616145 0.27336621284484863 7
1706223617442 0.055421821773052216 8
1706223618623 0.019144607707858086 9
1706223619402 0.00890145730227232 10
1706223620324 0.004597845487296581 11
1706223621330 0.0016089994460344315 12
1706223622193 0.0008766062674112618 13
1706223623088 0.0005581848090514541 14
1706223624330 0.00039100900175981224 15
1706223625323 0.0002739763876888901 16
1706223626459 0.00021601151092909276 17
