1706223712522 0.14516128599643707 0
1706223713510 0.11612903326749802 1
1706223714502 0.11612903326749802 2
1706223715765 0.11612903326749802 3
1706223717065 0.11612903326749802 4
1706223717911 0.11612903326749802 5
1706223718977 0.11612903326749802 6
1706223719821 0.11612903326749802 7
1706223720778 0.11612903326749802 8
1706223721632 0.11612903326749802 9
1706223722486 0.11612903326749802 10
1706223723449 0.11612903326749802 11
1706223724231 0.11612903326749802 12
1706223725006 0.11612903326749802 13
1706223725765 0.11612903326749802 14
1706223726534 0.11612903326749802 15
1706223727450 0.11612903326749802 16
1706223728190 0.11612903326749802 17
1706223729317 0.11612903326749802 18
1706223730776 0.11612903326749802 19
1706223746624 0.125 0
