1706220838749 0.15806451439857483 0
1706220840186 0.1483870893716812 1
1706220841220 0.1483870893716812 2
1706220842442 0.1483870893716812 3
1706220843418 0.1483870893716812 4
1706220844334 0.1483870893716812 5
1706220845616 0.1483870893716812 6
1706220846788 0.1483870893716812 7
1706220847874 0.1483870893716812 8
1706220848754 0.1483870893716812 9
1706220849972 0.1483870893716812 10
1706220851201 0.1483870893716812 11
1706220852162 0.1483870893716812 12
1706220853212 0.1483870893716812 13
1706220854200 0.1483870893716812 14
1706220855179 0.1483870893716812 15
1706220856501 0.1483870893716812 16
1706220857811 0.1483870893716812 17
1706220859180 0.1483870893716812 18
1706220860671 0.1483870893716812 19
1706220861620 0.1483870893716812 20
1706220862914 0.1483870893716812 21
1706220864030 0.1483870893716812 22
1706220865085 0.1483870893716812 23
1706220866188 0.1483870893716812 24
1706220867752 0.1483870893716812 25
1706220869378 0.1483870893716812 26
1706220870952 0.1483870893716812 27
1706220872317 0.1483870893716812 28
1706220873594 0.1483870893716812 29
