1706220838749 17.648820877075195 0
1706220840186 17.64842414855957 1
1706220841220 17.65028190612793 2
1706220842442 17.650774002075195 3
1706220843418 17.65073013305664 4
1706220844334 17.650285720825195 5
1706220845616 17.650684356689453 6
1706220846788 17.650806427001953 7
1706220847874 17.650806427001953 8
1706220848754 17.650806427001953 9
1706220849972 17.650806427001953 10
1706220851201 17.650806427001953 11
1706220852162 17.650806427001953 12
1706220853212 17.650806427001953 13
1706220854200 17.650806427001953 14
1706220855179 17.650806427001953 15
1706220856501 17.650806427001953 16
1706220857811 17.650806427001953 17
1706220859180 17.650806427001953 18
1706220860671 17.650806427001953 19
1706220861620 17.650806427001953 20
1706220862914 17.650806427001953 21
1706220864030 17.650806427001953 22
1706220865085 17.650806427001953 23
1706220866188 17.650806427001953 24
1706220867752 17.650806427001953 25
1706220869378 17.650806427001953 26
1706220870952 17.650806427001953 27
1706220872317 17.650806427001953 28
1706220873594 17.650806427001953 29
