1706225656545 0.1387096792459488 0
1706225657661 0.10000000149011612 1
1706225658521 0.11612903326749802 2
1706225659698 0.11612903326749802 3
1706225660738 0.11612903326749802 4
1706225661976 0.11612903326749802 5
1706225663086 0.11612903326749802 6
1706225664250 0.11612903326749802 7
1706225665393 0.11612903326749802 8
1706225666276 0.11612903326749802 9
1706225667518 0.11612903326749802 10
1706225668418 0.11612903326749802 11
1706225669405 0.11612903326749802 12
1706225670515 0.11612903326749802 13
1706225671308 0.11612903326749802 14
1706225672114 0.11612903326749802 15
1706225672879 0.11612903326749802 16
1706225673693 0.11612903326749802 17
1706225674502 0.11612903326749802 18
1706225675342 0.11612903326749802 19
1706225676406 0.11612903326749802 20
1706225677113 0.11612903326749802 21
1706225677795 0.11612903326749802 22
1706225678589 0.11612903326749802 23
1706225679396 0.11612903326749802 24
1706225680419 0.11612903326749802 25
1706225681493 0.11612903326749802 26
1706225683200 0.11612903326749802 27
1706225684072 0.11612903326749802 28
1706225685302 0.11612903326749802 29
1706225698941 0.125 0
