1706224402293 0.10322580486536026 0
1706224403111 0.14193548262119293 1
1706224404047 0.1483870893716812 2
1706224405083 0.12903225421905518 3
1706224406347 0.1967741996049881 4
1706224407536 0.18709677457809448 5
1706224408463 0.13225805759429932 6
1706224409974 0.26451611518859863 7
1706224410762 0.3838709592819214 8
1706224411366 0.4935483932495117 9
1706224412120 0.6387096643447876 10
1706224412866 0.7290322780609131 11
1706224414020 0.6935483813285828 12
1706224415300 0.725806474685669 13
1706224416240 0.7645161151885986 14
1706224416854 0.699999988079071 15
1706224417741 0.7064515948295593 16
1706224419218 0.8645161390304565 17
1706224420123 0.9419354796409607 18
1706224420775 0.9580644965171814 19
1706224435585 0.453125 0
