1706224402293 100.1313705444336 0
1706224403111 677.1082153320312 1
1706224404047 228.08026123046875 2
1706224405083 119.1203384399414 3
1706224406347 69.98948669433594 4
1706224407536 29.422006607055664 5
1706224408463 13.26278018951416 6
1706224409974 4.479452610015869 7
1706224410762 2.7165286540985107 8
1706224411366 1.8836663961410522 9
1706224412120 1.223453164100647 10
1706224412866 0.8697448968887329 11
1706224414020 0.8498083353042603 12
1706224415300 0.8141438364982605 13
1706224416240 0.7139379382133484 14
1706224416854 0.9759474396705627 15
1706224417741 1.4839504957199097 16
1706224419218 0.6730185747146606 17
1706224420123 0.3268750011920929 18
1706224420775 0.2504158616065979 19
