1706264079372 0.1483870893716812 0
1706264080182 0.11935483664274216 1
1706264080842 0.14516128599643707 2
1706264081508 0.17419354617595673 3
1706264082239 0.1806451678276062 4
1706264082946 0.1645161360502243 5
1706264083828 0.29032257199287415 6
1706264084907 0.3258064389228821 7
1706264085793 0.5 8
1706264086781 0.6096774339675903 9
1706264087790 0.7548387050628662 10
1706264089002 0.8096774220466614 11
1706264090029 0.874193549156189 12
1706264091367 0.8999999761581421 13
1706264092464 0.9451612830162048 14
1706264093541 0.9580644965171814 15
1706264094548 0.9709677696228027 16
1706264095412 0.9838709831237793 17
1706264096402 0.9870967864990234 18
1706264097308 0.9967741966247559 19
1706264112091 0.453125 0
