1706264079372 102.34114074707031 0
1706264080182 317.2908935546875 1
1706264080842 259.8069152832031 2
1706264081508 116.6561508178711 3
1706264082239 54.07146072387695 4
1706264082946 17.88245391845703 5
1706264083828 6.544576168060303 6
1706264084907 3.012843370437622 7
1706264085793 1.3532640933990479 8
1706264086781 1.1414413452148438 9
1706264087790 0.9856777787208557 10
1706264089002 0.7592068910598755 11
1706264090029 0.5000967979431152 12
1706264091367 0.31833797693252563 13
1706264092464 0.2104550451040268 14
1706264093541 0.15596185624599457 15
1706264094548 0.09276603907346725 16
1706264095412 0.055485595017671585 17
1706264096402 0.041188061237335205 18
1706264097308 0.016515303403139114 19
