1706284762614 141.3828582763672 0
1706284764492 37.11952590942383 1
1706284766482 6.278049945831299 2
1706284768234 1.7143388986587524 3
1706284769717 1.2014676332473755 4
1706284770988 0.6329339742660522 5
1706284772524 0.24709822237491608 6
1706284774200 0.10167954862117767 7
1706284775968 0.0419040322303772 8
1706284777883 0.016207443550229073 9
1706284779316 0.007893807254731655 10
1706284780900 0.001894933171570301 11
1706284782379 0.00162952346727252 12
1706284783833 0.0009929987136274576 13
1706284785526 0.00046662965905852616 14
