1706227415421 0.14193548262119293 0
1706227416131 0.1387096792459488 1
1706227416907 0.13548387587070465 2
1706227417677 0.1387096792459488 3
1706227418427 0.14193548262119293 4
1706227419172 0.13548387587070465 5
1706227419900 0.10967741906642914 6
1706227420644 0.10967741906642914 7
1706227421461 0.10967741906642914 8
1706227422288 0.10967741906642914 9
1706227422992 0.10967741906642914 10
1706227424008 0.10967741906642914 11
1706227424735 0.10967741906642914 12
1706227425530 0.10967741906642914 13
1706227426305 0.10967741906642914 14
1706227426942 0.10967741906642914 15
1706227427603 0.10967741906642914 16
1706227428402 0.10967741906642914 17
1706227429040 0.10967741906642914 18
1706227429754 0.10967741906642914 19
1706227442980 0.125 0
