1706227415421 17.650747299194336 0
1706227416131 17.650693893432617 1
1706227416907 17.650575637817383 2
1706227417677 17.650632858276367 3
1706227418427 17.650426864624023 4
1706227419172 17.650075912475586 5
1706227419900 17.64883804321289 6
1706227420644 17.65061378479004 7
1706227421461 17.650794982910156 8
1706227422288 17.650766372680664 9
1706227422992 17.650739669799805 10
1706227424008 17.650602340698242 11
1706227424735 17.650781631469727 12
1706227425530 17.650644302368164 13
1706227426305 17.65080451965332 14
1706227426942 17.65080451965332 15
1706227427603 17.65080451965332 16
1706227428402 17.650802612304688 17
1706227429040 17.650800704956055 18
1706227429754 17.650794982910156 19
