1706222111796 0.14516128599643707 0
1706222112544 0.15161290764808655 1
1706222113280 0.1225806474685669 2
1706222114209 0.12903225421905518 3
1706222115129 0.1483870893716812 4
1706222116552 0.1645161360502243 5
1706222117394 0.15161290764808655 6
1706222118566 0.2967741787433624 7
1706222119615 0.22258064150810242 8
1706222121479 0.20967741310596466 9
1706222122727 0.20000000298023224 10
1706222123986 0.20645160973072052 11
1706222125081 0.1806451678276062 12
1706222125899 0.21290323138237 13
1706222127356 0.28387096524238586 14
1706222161946 0.328125 0
