1706222111796 57.894649505615234 0
1706222112544 208.263916015625 1
1706222113280 331.3873291015625 2
1706222114209 227.93724060058594 3
1706222115129 200.24191284179688 4
1706222116552 124.22621154785156 5
1706222117394 70.03166961669922 6
1706222118566 47.68573760986328 7
1706222119615 32.61452102661133 8
1706222121479 19.00779914855957 9
1706222122727 11.11172866821289 10
1706222123986 9.47159194946289 11
1706222125081 7.697746753692627 12
1706222125899 4.882092475891113 13
1706222127356 2.7022111415863037 14
