1706227523455 0.10967741906642914 0
1706227524304 0.21290323138237 1
1706227525168 0.3580645024776459 2
1706227526034 0.5193548202514648 3
1706227526841 0.7903226017951965 4
1706227527667 0.8935483694076538 5
1706227528681 0.948387086391449 6
1706227529473 0.9806451797485352 7
1706227530265 0.9935483932495117 8
1706227531038 0.9967741966247559 9
1706227531881 0.9967741966247559 10
1706227532731 1.0 11
1706227533534 1.0 12
1706227534396 1.0 13
1706227535174 1.0 14
1706227536057 1.0 15
1706227536745 1.0 16
1706227537447 1.0 17
1706227538172 1.0 18
1706227538840 1.0 19
1706227550631 0.578125 0
