1706227523455 358.2593688964844 0
1706227524304 24.67649269104004 1
1706227525168 4.292305946350098 2
1706227526034 1.459442377090454 3
1706227526841 0.7057153582572937 4
1706227527667 0.3880313038825989 5
1706227528681 0.19528138637542725 6
1706227529473 0.1218390092253685 7
1706227530265 0.04318566992878914 8
1706227531038 0.02475818246603012 9
1706227531881 0.012866716831922531 10
1706227532731 0.006414602976292372 11
1706227533534 0.003185661742463708 12
1706227534396 0.001968498807400465 13
1706227535174 0.0010241857962682843 14
1706227536057 0.0006427635089494288 15
1706227536745 0.00043401209404692054 16
1706227537447 0.000333251926349476 17
1706227538172 0.00024412720813415945 18
1706227538840 0.0001820125471567735 19
