1706264327019 0.13548387587070465 0
1706264328223 0.31612902879714966 1
1706264329598 0.4096774160861969 2
1706264330774 0.551612913608551 3
1706264331998 0.64838707447052 4
1706264333023 0.7677419185638428 5
1706264334052 0.9096774458885193 6
1706264335296 0.948387086391449 7
1706264336463 0.9096774458885193 8
1706264337615 0.8838709592819214 9
1706264339034 0.9870967864990234 10
1706264339993 1.0 11
1706264341091 0.9967741966247559 12
1706264342131 1.0 13
1706264343161 1.0 14
1706264344236 0.6193548440933228 15
1706264345993 0.5774193406105042 16
1706264347158 0.9129032492637634 17
1706264348451 0.9838709831237793 18
1706264349427 0.9903225898742676 19
1706264367511 0.4375 0
