1706264327019 251.50503540039062 0
1706264328223 4.782938480377197 1
1706264329598 2.1583454608917236 2
1706264330774 1.3319430351257324 3
1706264331998 1.0980421304702759 4
1706264333023 0.8115973472595215 5
1706264334052 0.3993951082229614 6
1706264335296 0.19290779531002045 7
1706264336463 0.4891151189804077 8
1706264337615 0.4378776252269745 9
1706264339034 0.06014986336231232 10
1706264339993 0.022128626704216003 11
1706264341091 0.012583969160914421 12
1706264342131 0.006644904147833586 13
1706264343161 0.011667858809232712 14
1706264344236 17.864463806152344 15
1706264345993 3.712940216064453 16
1706264347158 0.35331568121910095 17
1706264348451 0.1264355331659317 18
1706264349427 0.05530950427055359 19
