1706264370819 0.1384180784225464 0
1706264371723 0.2288135588169098 1
1706264372567 0.27966102957725525 2
1706264373441 0.4378530979156494 3
1706264374446 0.40395480394363403 4
1706264375480 0.5141242742538452 5
1706264376599 0.5621469020843506 6
1706264377627 0.6355932354927063 7
1706264378523 0.6412429213523865 8
1706264379607 0.7203390002250671 9
1706264380939 0.7655367255210876 10
1706264382603 0.7796609997749329 11
1706264384147 0.8163841962814331 12
1706264385156 0.8672316670417786 13
1706264386043 0.8615819215774536 14
1706264399417 0.40625 0
1706264399511 0.40625 0
