1706264370819 112.21383666992188 0
1706264371723 20.278606414794922 1
1706264372567 9.277265548706055 2
1706264373441 5.281699180603027 3
1706264374446 3.704345703125 4
1706264375480 2.1760356426239014 5
1706264376599 1.6473110914230347 6
1706264377627 1.2556430101394653 7
1706264378523 1.1611014604568481 8
1706264379607 0.9450106024742126 9
1706264380939 0.7859943509101868 10
1706264382603 0.7065221667289734 11
1706264384147 0.5699771046638489 12
1706264385156 0.4837287366390228 13
1706264386043 0.4121430516242981 14
