1706224546171 0.1225806474685669 0
1706224547138 0.10000000149011612 1
1706224548274 0.14193548262119293 2
1706224549044 0.11612903326749802 3
1706224549992 0.11612903326749802 4
1706224551086 0.11612903326749802 5
1706224551911 0.11612903326749802 6
1706224552759 0.11612903326749802 7
1706224553544 0.11612903326749802 8
1706224554351 0.11612903326749802 9
1706224555117 0.11612903326749802 10
1706224555831 0.11612903326749802 11
1706224556800 0.11612903326749802 12
1706224557517 0.11612903326749802 13
1706224558713 0.11612903326749802 14
1706224559529 0.11612903326749802 15
1706224560256 0.11612903326749802 16
1706224560944 0.11612903326749802 17
1706224561585 0.11612903326749802 18
1706224562198 0.11612903326749802 19
1706224562946 0.11612903326749802 20
1706224563809 0.11612903326749802 21
1706224564710 0.11612903326749802 22
1706224565401 0.11612903326749802 23
1706224566125 0.11612903326749802 24
1706224566889 0.11612903326749802 25
1706224567924 0.11612903326749802 26
1706224568941 0.11612903326749802 27
1706224570196 0.11612903326749802 28
1706224571278 0.11612903326749802 29
1706224586868 0.125 0
