1706224546171 5060.44140625 0
1706224547138 362697036136448.0 1
1706224548274 nan 2
1706224549044 nan 3
1706224549992 nan 4
1706224551086 nan 5
1706224551911 nan 6
1706224552759 nan 7
1706224553544 nan 8
1706224554351 nan 9
1706224555117 nan 10
1706224555831 nan 11
1706224556800 nan 12
1706224557517 nan 13
1706224558713 nan 14
1706224559529 nan 15
1706224560256 nan 16
1706224560944 nan 17
1706224561585 nan 18
1706224562198 nan 19
1706224562946 nan 20
1706224563809 nan 21
1706224564710 nan 22
1706224565401 nan 23
1706224566125 nan 24
1706224566889 nan 25
1706224567924 nan 26
1706224568941 nan 27
1706224570196 nan 28
1706224571278 nan 29
