1706227446290 0.1387096792459488 0
1706227447064 0.11612903326749802 1
1706227447841 0.11612903326749802 2
1706227448633 0.11612903326749802 3
1706227449422 0.11612903326749802 4
1706227450148 0.11612903326749802 5
1706227450903 0.11612903326749802 6
1706227451608 0.11612903326749802 7
1706227452492 0.11612903326749802 8
1706227453177 0.11612903326749802 9
1706227453826 0.11612903326749802 10
1706227454573 0.11612903326749802 11
1706227455240 0.11612903326749802 12
1706227455912 0.11612903326749802 13
1706227456645 0.11612903326749802 14
1706227457291 0.11612903326749802 15
1706227457930 0.11612903326749802 16
1706227458577 0.11612903326749802 17
1706227459181 0.11612903326749802 18
1706227459823 0.11612903326749802 19
1706227474217 0.125 0
