1706227446290 17.643756866455078 0
1706227447064 17.65078353881836 1
1706227447841 17.650806427001953 2
1706227448633 17.650806427001953 3
1706227449422 17.650806427001953 4
1706227450148 17.650806427001953 5
1706227450903 17.650806427001953 6
1706227451608 17.650806427001953 7
1706227452492 17.650806427001953 8
1706227453177 17.650806427001953 9
1706227453826 17.650806427001953 10
1706227454573 17.650806427001953 11
1706227455240 17.650806427001953 12
1706227455912 17.650806427001953 13
1706227456645 17.650806427001953 14
1706227457291 17.650806427001953 15
1706227457930 17.650806427001953 16
1706227458577 17.650806427001953 17
1706227459181 17.650806427001953 18
1706227459823 17.650806427001953 19
