1706224618688 0.1355932205915451 0
1706224619475 0.12711864709854126 1
1706224620468 0.1807909607887268 2
1706224621384 0.29661017656326294 3
1706224622305 0.41525423526763916 4
1706224623146 0.598870038986206 5
1706224623923 0.7231638431549072 6
1706224624680 0.8022598624229431 7
1706224625468 0.895480215549469 8
1706224626214 0.9717513918876648 9
1706224626962 0.9830508232116699 10
1706224627893 0.9971751570701599 11
1706224628657 1.0 12
1706224629574 1.0 13
1706224630369 1.0 14
1706224644968 0.5 0
1706224645054 0.5 0
