1706224618688 195.57554626464844 0
1706224619475 125.7259521484375 1
1706224620468 29.746997833251953 2
1706224621384 3.340801239013672 3
1706224622305 1.702203631401062 4
1706224623146 1.2873190641403198 5
1706224623923 0.9195525646209717 6
1706224624680 0.6370698809623718 7
1706224625468 0.3621951639652252 8
1706224626214 0.16770727932453156 9
1706224626962 0.08516999334096909 10
1706224627893 0.0285992119461298 11
1706224628657 0.012658076360821724 12
1706224629574 0.004901422653347254 13
1706224630369 0.002685504499822855 14
