1706223686677 0.12903225421905518 0
1706223687588 0.14193548262119293 1
1706223688642 0.22258064150810242 2
1706223689785 0.3870967626571655 3
1706223690852 0.5838709473609924 4
1706223691724 0.7096773982048035 5
1706223692622 0.8096774220466614 6
1706223693441 0.9064516425132751 7
1706223694259 0.9516128897666931 8
1706223694999 0.9741935729980469 9
1706223695742 0.9806451797485352 10
1706223696680 0.9935483932495117 11
1706223697411 0.9935483932495117 12
1706223698190 1.0 13
1706223698950 1.0 14
1706223709999 0.453125 0
