1706223686677 155.38487243652344 0
1706223687588 46.639732360839844 1
1706223688642 5.131407737731934 2
1706223689785 1.6022950410842896 3
1706223690852 1.321586012840271 4
1706223691724 0.9530596137046814 5
1706223692622 0.5914161205291748 6
1706223693441 0.31522080302238464 7
1706223694259 0.19505643844604492 8
1706223694999 0.09136274456977844 9
1706223695742 0.07369976490736008 10
1706223696680 0.04128514602780342 11
1706223697411 0.026486897841095924 12
1706223698190 0.007099450565874577 13
1706223698950 0.0028006944339722395 14
