1706219567209 0.12903225421905518 0
1706219568138 0.11290322244167328 1
1706219569154 0.10967741906642914 2
1706219570273 0.10967741906642914 3
1706219571507 0.13225805759429932 4
1706219572404 0.10322580486536026 5
1706219573431 0.106451615691185 6
1706219574275 0.106451615691185 7
1706219575145 0.106451615691185 8
1706219575962 0.10967741906642914 9
1706219576746 0.106451615691185 10
1706219577567 0.10967741906642914 11
1706219578321 0.10322580486536026 12
1706219579146 0.106451615691185 13
1706219580406 0.106451615691185 14
1706219581204 0.106451615691185 15
1706219581992 0.106451615691185 16
1706219582777 0.106451615691185 17
1706219583570 0.106451615691185 18
1706219584355 0.106451615691185 19
1706219597980 0.109375 0
