1706219567209 17.645977020263672 0
1706219568138 17.645992279052734 1
1706219569154 17.646814346313477 2
1706219570273 17.64645004272461 3
1706219571507 17.6456241607666 4
1706219572404 17.646974563598633 5
1706219573431 17.64641571044922 6
1706219574275 17.649099349975586 7
1706219575145 17.649206161499023 8
1706219575962 17.646570205688477 9
1706219576746 17.650083541870117 10
1706219577567 17.650232315063477 11
1706219578321 17.649961471557617 12
1706219579146 17.64990234375 13
1706219580406 17.65021514892578 14
1706219581204 17.649789810180664 15
1706219581992 17.649932861328125 16
1706219582777 17.649747848510742 17
1706219583570 17.64966583251953 18
1706219584355 17.649553298950195 19
