1706227686904 0.13548387587070465 0
1706227687757 0.12580645084381104 1
1706227688863 0.14516128599643707 2
1706227689785 0.12903225421905518 3
1706227690910 0.12903225421905518 4
1706227692071 0.12903225421905518 5
1706227693358 0.12903225421905518 6
1706227694488 0.12903225421905518 7
1706227695508 0.12903225421905518 8
1706227696383 0.12903225421905518 9
1706227697441 0.12903225421905518 10
1706227698232 0.12903225421905518 11
1706227699486 0.12903225421905518 12
1706227700329 0.12903225421905518 13
1706227701124 0.12903225421905518 14
1706227713289 0.109375 0
