1706227686904 1435886.25 0
1706227687757 1383861632.0 1
1706227688863 6759959085711360.0 2
1706227689785 2.080171585083008 3
1706227690910 2.0801193714141846 4
1706227692071 2.080078601837158 5
1706227693358 2.0800089836120605 6
1706227694488 2.079958915710449 7
1706227695508 2.079911470413208 8
1706227696383 2.079838752746582 9
1706227697441 2.07981014251709 10
1706227698232 2.079771041870117 11
1706227699486 2.079742908477783 12
1706227700329 2.079690933227539 13
1706227701124 2.079662799835205 14
