1706219149217 0.11290322244167328 0
1706219150545 0.13225805759429932 1
1706219151639 0.18387097120285034 2
1706219152411 0.30000001192092896 3
1706219153659 0.3612903356552124 4
1706219154474 0.5193548202514648 5
1706219155515 0.6387096643447876 6
1706219156354 0.6838709712028503 7
1706219156992 0.8419354557991028 8
1706219157716 0.9193548560142517 9
1706219158564 0.9580644965171814 10
1706219159564 0.9677419066429138 11
1706219160436 0.9903225898742676 12
1706219161312 0.9935483932495117 13
1706219162239 0.9967741966247559 14
1706219163064 0.9935483932495117 15
1706219163798 0.9967741966247559 16
1706219164497 1.0 17
1706219165349 1.0 18
1706219166633 1.0 19
1706219181848 0.59375 0
