1706219149217 211.71426391601562 0
1706219150545 170.3919677734375 1
1706219151639 28.50205421447754 2
1706219152411 5.453754901885986 3
1706219153659 2.4708054065704346 4
1706219154474 1.3051360845565796 5
1706219155515 1.107179880142212 6
1706219156354 0.906065821647644 7
1706219156992 0.5749715566635132 8
1706219157716 0.3408142924308777 9
1706219158564 0.1768534630537033 10
1706219159564 0.09899266809225082 11
1706219160436 0.04094422236084938 12
1706219161312 0.0219783466309309 13
1706219162239 0.011836890131235123 14
1706219163064 0.03966064378619194 15
1706219163798 0.009353906847536564 16
1706219164497 0.003011847846210003 17
1706219165349 0.0026675632689148188 18
1706219166633 0.0026305357459932566 19
