1706225840141 0.13225805759429932 0
1706225840838 0.1225806474685669 1
1706225841468 0.1483870893716812 2
1706225842094 0.11612903326749802 3
1706225842693 0.13225805759429932 4
1706225843436 0.12903225421905518 5
1706225844051 0.11290322244167328 6
1706225844652 0.11290322244167328 7
1706225845226 0.11290322244167328 8
1706225845782 0.11290322244167328 9
1706225846368 0.11290322244167328 10
1706225846940 0.11612903326749802 11
1706225847504 0.11612903326749802 12
1706225848067 0.11612903326749802 13
1706225848651 0.11612903326749802 14
1706225861394 0.125 0
