1706225840141 41.51325607299805 0
1706225840838 22772.1328125 1
1706225841468 132282.296875 2
1706225842094 152.3508758544922 3
1706225842693 11.75655460357666 4
1706225843436 2.1000335216522217 5
1706225844051 2.0859968662261963 6
1706225844652 2.083078622817993 7
1706225845226 2.0814168453216553 8
1706225845782 2.080498695373535 9
1706225846368 2.079989194869995 10
1706225846940 2.079697370529175 11
1706225847504 2.0795302391052246 12
1706225848067 2.0794365406036377 13
1706225848651 2.0793392658233643 14
