1706224503633 0.14193548262119293 0
1706224504643 0.12580645084381104 1
1706224505940 0.11935483664274216 2
1706224506985 0.15161290764808655 3
1706224508265 0.1387096792459488 4
1706224509189 0.14193548262119293 5
1706224510056 0.12903225421905518 6
1706224511088 0.13548387587070465 7
1706224512068 0.10322580486536026 8
1706224513128 0.10322580486536026 9
1706224513857 0.10967741906642914 10
1706224514588 0.10000000149011612 11
1706224515324 0.10322580486536026 12
1706224516171 0.10322580486536026 13
1706224517318 0.10967741906642914 14
1706224518090 0.10967741906642914 15
1706224518945 0.10322580486536026 16
1706224520285 0.10322580486536026 17
1706224521368 0.12903225421905518 18
1706224522564 0.12903225421905518 19
1706224523737 0.12903225421905518 20
1706224524781 0.12903225421905518 21
1706224525931 0.12903225421905518 22
1706224526753 0.12903225421905518 23
1706224527432 0.12903225421905518 24
1706224528147 0.12903225421905518 25
1706224528844 0.12903225421905518 26
1706224529779 0.12903225421905518 27
1706224530488 0.12903225421905518 28
1706224531190 0.12903225421905518 29
1706224542670 0.140625 0
