1706224503633 5592.154296875 0
1706224504643 2239424.5 1
1706224505940 1.094975152750959e+19 2
1706224506985 2514466635776.0 3
1706224508265 2.7903134156724328e+23 4
1706224509189 6.876464509297668e+28 5
1706224510056 4.189950574633935e+23 6
1706224511088 3.2264978698396492e+28 7
1706224512068 2.0804550647735596 8
1706224513128 2.08039927482605 9
1706224513857 2.080376386642456 10
1706224514588 2.0803403854370117 11
1706224515324 2.0803072452545166 12
1706224516171 2.0802550315856934 13
1706224517318 2.080223321914673 14
1706224518090 2.0801949501037598 15
1706224518945 2.0801565647125244 16
1706224520285 2.080124616622925 17
1706224521368 2.080090045928955 18
1706224522564 2.080044984817505 19
1706224523737 2.080012321472168 20
1706224524781 2.0799617767333984 21
1706224525931 2.0799238681793213 22
1706224526753 2.0798869132995605 23
1706224527432 2.0798470973968506 24
1706224528147 2.0797908306121826 25
1706224528844 2.0797393321990967 26
1706224529779 2.079688549041748 27
1706224530488 2.079634666442871 28
1706224531190 2.0796005725860596 29
