1706219509274 0.09677419066429138 0
1706219510202 0.1387096792459488 1
1706219511169 0.3032258152961731 2
1706219511979 0.42580646276474 3
1706219512807 0.625806450843811 4
1706219513602 0.7483870983123779 5
1706219514329 0.9064516425132751 6
1706219515184 0.948387086391449 7
1706219515936 0.9903225898742676 8
1706219516679 0.9935483932495117 9
1706219517567 0.9870967864990234 10
1706219518381 0.9903225898742676 11
1706219519252 1.0 12
1706219520090 0.9967741966247559 13
1706219520967 1.0 14
1706219533171 0.453125 0
