1706219509274 181.56236267089844 0
1706219510202 84.91014099121094 1
1706219511169 7.026126384735107 2
1706219511979 1.6298928260803223 3
1706219512807 1.1363102197647095 4
1706219513602 0.7974690198898315 5
1706219514329 0.4364425539970398 6
1706219515184 0.17982187867164612 7
1706219515936 0.0466877743601799 8
1706219516679 0.03353370726108551 9
1706219517567 0.03007415682077408 10
1706219518381 0.022790417075157166 11
1706219519252 0.008868079632520676 12
1706219520090 0.007897152565419674 13
1706219520967 0.01536242850124836 14
