1706224439575 0.11612903326749802 0
1706224440371 0.10967741906642914 1
1706224441668 0.10967741906642914 2
1706224442585 0.10967741906642914 3
1706224443563 0.10967741906642914 4
1706224444343 0.10967741906642914 5
1706224445461 0.10967741906642914 6
1706224446667 0.10967741906642914 7
1706224447454 0.10967741906642914 8
1706224448344 0.10967741906642914 9
1706224449031 0.10967741906642914 10
1706224449696 0.10967741906642914 11
1706224450718 0.10967741906642914 12
1706224451793 0.10967741906642914 13
1706224453066 0.10967741906642914 14
1706224475257 0.125 0
