1706224439575 17.6494140625 0
1706224440371 17.650806427001953 1
1706224441668 17.650806427001953 2
1706224442585 17.650806427001953 3
1706224443563 17.650806427001953 4
1706224444343 17.650806427001953 5
1706224445461 17.650806427001953 6
1706224446667 17.650806427001953 7
1706224447454 17.650806427001953 8
1706224448344 17.650806427001953 9
1706224449031 17.650806427001953 10
1706224449696 17.650806427001953 11
1706224450718 17.650806427001953 12
1706224451793 17.650806427001953 13
1706224453066 17.650806427001953 14
