1706224309030 0.12903225421905518 0
1706224309870 0.12903225421905518 1
1706224310967 0.12903225421905518 2
1706224312032 0.12903225421905518 3
1706224313120 0.12903225421905518 4
1706224314469 0.12903225421905518 5
1706224315187 0.12903225421905518 6
1706224316274 0.12903225421905518 7
1706224317505 0.12903225421905518 8
1706224318339 0.12903225421905518 9
1706224319205 0.12903225421905518 10
1706224320215 0.12903225421905518 11
1706224320981 0.12903225421905518 12
1706224321691 0.12903225421905518 13
1706224322868 0.12903225421905518 14
1706224339834 0.109375 0
