1706224309030 17.650188446044922 0
1706224309870 17.65069007873535 1
1706224310967 17.650806427001953 2
1706224312032 17.65080451965332 3
1706224313120 17.650802612304688 4
1706224314469 17.650802612304688 5
1706224315187 17.650728225708008 6
1706224316274 17.65061378479004 7
1706224317505 17.65079689025879 8
1706224318339 17.65072250366211 9
1706224319205 17.650774002075195 10
1706224320215 17.650705337524414 11
1706224320981 17.65080451965332 12
1706224321691 17.65080451965332 13
1706224322868 17.65080451965332 14
