1706222165663 0.11612903326749802 0
1706222166863 0.19032257795333862 1
1706222167811 0.11935483664274216 2
1706222168484 0.14193548262119293 3
1706222169477 0.12580645084381104 4
1706222170669 0.12903225421905518 5
1706222171838 0.1483870893716812 6
1706222172792 0.16774193942546844 7
1706222174324 0.19032257795333862 8
1706222175032 0.2290322631597519 9
1706222175822 0.22258064150810242 10
1706222176880 0.20645160973072052 11
1706222177930 0.28709676861763 12
1706222178941 0.26774194836616516 13
1706222179621 0.3451612889766693 14
1706222181109 0.2967741787433624 15
