1706222165663 65.91255950927734 0
1706222166863 146.09796142578125 1
1706222167811 205.53273010253906 2
1706222168484 191.2178955078125 3
1706222169477 57.232025146484375 4
1706222170669 73.671875 5
1706222171838 40.66758346557617 6
1706222172792 32.17389678955078 7
1706222174324 16.851913452148438 8
1706222175032 14.130271911621094 9
1706222175822 17.996387481689453 10
1706222176880 15.156245231628418 11
1706222177930 12.556098937988281 12
1706222178941 8.968575477600098 13
1706222179621 7.476893901824951 14
1706222181109 6.599215030670166 15
