1706222624107 0.14516128599643707 0
1706222625190 0.30000001192092896 1
1706222626394 0.6193548440933228 2
1706222627504 0.8032258152961731 3
1706222628502 0.8677419424057007 4
1706222629642 0.9451612830162048 5
1706222630751 0.9709677696228027 6
1706222631757 0.9354838728904724 7
1706222632812 0.9612902998924255 8
1706222633794 0.9935483932495117 9
1706222635114 0.9935483932495117 10
1706222636119 0.9967741966247559 11
1706222637073 1.0 12
1706222638439 0.9967741966247559 13
1706222639560 0.9870967864990234 14
1706222654306 0.5 0
