1706222624107 132.74684143066406 0
1706222625190 2.469738721847534 1
1706222626394 1.0620393753051758 2
1706222627504 0.6731752753257751 3
1706222628502 0.33152592182159424 4
1706222629642 0.20715834200382233 5
1706222630751 0.11134802550077438 6
1706222631757 0.25989869236946106 7
1706222632812 0.1183980405330658 8
1706222633794 0.03215352073311806 9
1706222635114 0.025704793632030487 10
1706222636119 0.030200660228729248 11
1706222637073 0.011286108754575253 12
1706222638439 0.018228324130177498 13
1706222639560 0.0343996025621891 14
