1706282200340 0.11612903326749802 0
1706282201466 0.2709677517414093 1
1706282203068 0.4096774160861969 2
1706282204522 0.4935483932495117 3
1706282205788 0.5483871102333069 4
1706282207043 0.625806450843811 5
1706282208534 0.6741935610771179 6
1706282209777 0.7935484051704407 7
1706282210728 0.8258064389228821 8
1706282212086 0.9032257795333862 9
1706282213323 0.9161290526390076 10
1706282214584 0.92580646276474 11
1706282216217 0.9548386931419373 12
1706282217795 0.9806451797485352 13
1706282219000 0.9806451797485352 14
1706282220603 0.9903225898742676 15
1706282222189 0.9935483932495117 16
1706282223622 0.9903225898742676 17
1706282224852 0.9935483932495117 18
1706282226123 0.9967741966247559 19
1706282247482 0.4375 0
