1706282200340 143.9237060546875 0
1706282201466 18.774234771728516 1
1706282203068 4.704093933105469 2
1706282204522 3.252315044403076 3
1706282205788 2.6073896884918213 4
1706282207043 1.8673137426376343 5
1706282208534 1.5474779605865479 6
1706282209777 0.7726296782493591 7
1706282210728 0.5971961617469788 8
1706282212086 0.35771897435188293 9
1706282213323 0.29431381821632385 10
1706282214584 0.25521957874298096 11
1706282216217 0.17400798201560974 12
1706282217795 0.10899094492197037 13
1706282219000 0.09320511668920517 14
1706282220603 0.07707589119672775 15
1706282222189 0.06627467274665833 16
1706282223622 0.05444907024502754 17
1706282224852 0.04778183251619339 18
1706282226123 0.04046488180756569 19
