1706224254507 0.10000000149011612 0
1706224255576 0.13225805759429932 1
1706224256621 0.1645161360502243 2
1706224257814 0.1806451678276062 3
1706224258911 0.17741934955120087 4
1706224260286 0.25806450843811035 5
1706224261616 0.3677419424057007 6
1706224262897 0.41290321946144104 7
1706224263881 0.5064516067504883 8
1706224265160 0.6129032373428345 9
1706224266353 0.7161290049552917 10
1706224267468 0.7677419185638428 11
1706224268519 0.8387096524238586 12
1706224269908 0.8903225660324097 13
1706224271210 0.9290322661399841 14
1706224272415 0.9451612830162048 15
1706224273651 0.9741935729980469 16
1706224275071 0.9806451797485352 17
1706224276095 0.9903225898742676 18
1706224276916 0.9935483932495117 19
1706224277768 0.9903225898742676 20
1706224278472 0.9967741966247559 21
1706224279537 0.9935483932495117 22
1706224280332 1.0 23
1706224281469 1.0 24
1706224282502 1.0 25
1706224283415 1.0 26
1706224284250 1.0 27
1706224285560 1.0 28
1706224286365 1.0 29
1706224304162 0.453125 0
