1706224254507 102.67589569091797 0
1706224255576 205.2488250732422 1
1706224256621 153.01036071777344 2
1706224257814 86.11227416992188 3
1706224258911 18.223186492919922 4
1706224260286 2.4488112926483154 5
1706224261616 1.7646899223327637 6
1706224262897 1.5746983289718628 7
1706224263881 1.3798855543136597 8
1706224265160 1.175898790359497 9
1706224266353 0.9299106597900391 10
1706224267468 0.72341388463974 11
1706224268519 0.5233729481697083 12
1706224269908 0.376047283411026 13
1706224271210 0.26728564500808716 14
1706224272415 0.18494483828544617 15
1706224273651 0.12076781690120697 16
1706224275071 0.07375415414571762 17
1706224276095 0.05420343205332756 18
1706224276916 0.03315264359116554 19
1706224277768 0.024452632293105125 20
1706224278472 0.02153160609304905 21
1706224279537 0.036437854170799255 22
1706224280332 0.0216430202126503 23
1706224281469 0.016263974830508232 24
1706224282502 0.012275871820747852 25
1706224283415 0.00648164376616478 26
1706224284250 0.003900256473571062 27
1706224285560 0.0030064834281802177 28
1706224286365 0.0016980527434498072 29
