1706225950388 0.11581920832395554 0
1706225951620 0.16949152946472168 1
1706225952797 0.31355932354927063 2
1706225954042 0.34180790185928345 3
1706225955434 0.4548022747039795 4
1706225956536 0.6016949415206909 5
1706225957767 0.6497175097465515 6
1706225959066 0.7740113139152527 7
1706225960458 0.8305084705352783 8
1706225961657 0.887005627155304 9
1706225962865 0.9067796468734741 10
1706225964605 0.9209039807319641 11
1706225965797 0.9519773721694946 12
1706225966988 0.9632768630981445 13
1706225968214 0.9717513918876648 14
1706225985148 0.4375 0
1706225985227 0.4375 0
