1706225950388 139.87078857421875 0
1706225951620 32.41282653808594 1
1706225952797 10.855901718139648 2
1706225954042 5.26364278793335 3
1706225955434 2.929452896118164 4
1706225956536 1.7011468410491943 5
1706225957767 1.0821510553359985 6
1706225959066 0.8062310218811035 7
1706225960458 0.6000455617904663 8
1706225961657 0.4395618438720703 9
1706225962865 0.3465375602245331 10
1706225964605 0.2857685983181 11
1706225965797 0.21706072986125946 12
1706225966988 0.17421650886535645 13
1706225968214 0.14346212148666382 14
