1706219629723 0.1225806474685669 0
1706219630484 0.11612903326749802 1
1706219631462 0.1483870893716812 2
1706219632619 0.14193548262119293 3
1706219633579 0.1483870893716812 4
1706219634575 0.11612903326749802 5
1706219635638 0.11612903326749802 6
1706219636468 0.11612903326749802 7
1706219637311 0.11612903326749802 8
1706219638152 0.11612903326749802 9
1706219638936 0.11612903326749802 10
1706219639802 0.11612903326749802 11
1706219640587 0.11612903326749802 12
1706219641479 0.11612903326749802 13
1706219642381 0.11612903326749802 14
1706219643174 0.11612903326749802 15
1706219643919 0.11612903326749802 16
1706219644737 0.11612903326749802 17
1706219645518 0.11612903326749802 18
1706219646286 0.11612903326749802 19
1706219647278 0.11612903326749802 20
1706219648125 0.11612903326749802 21
1706219648918 0.11612903326749802 22
1706219649709 0.11612903326749802 23
1706219650480 0.11612903326749802 24
1706219651275 0.11612903326749802 25
1706219652073 0.11612903326749802 26
1706219652854 0.11612903326749802 27
1706219653742 0.11612903326749802 28
1706219654591 0.11612903326749802 29
1706219684407 0.125 0
