1706219629723 88.29521942138672 0
1706219630484 62350.5859375 1
1706219631462 4974569.5 2
1706219632619 1977762578432.0 3
1706219633579 1.795519668027392e+18 4
1706219634575 nan 5
1706219635638 nan 6
1706219636468 nan 7
1706219637311 nan 8
1706219638152 nan 9
1706219638936 nan 10
1706219639802 nan 11
1706219640587 nan 12
1706219641479 nan 13
1706219642381 nan 14
1706219643174 nan 15
1706219643919 nan 16
1706219644737 nan 17
1706219645518 nan 18
1706219646286 nan 19
1706219647278 nan 20
1706219648125 nan 21
1706219648918 nan 22
1706219649709 nan 23
1706219650480 nan 24
1706219651275 nan 25
1706219652073 nan 26
1706219652854 nan 27
1706219653742 nan 28
1706219654591 nan 29
