1706282390531 0.08709677308797836 0
1706282392155 0.11935483664274216 1
1706282393479 0.1225806474685669 2
1706282395058 0.1225806474685669 3
1706282396388 0.1225806474685669 4
1706282397722 0.1225806474685669 5
1706282398840 0.1225806474685669 6
1706282400741 0.1225806474685669 7
1706282401824 0.1225806474685669 8
1706282403450 0.1225806474685669 9
1706282404773 0.1225806474685669 10
1706282405897 0.1225806474685669 11
1706282406883 0.1225806474685669 12
1706282407936 0.1225806474685669 13
1706282409187 0.1225806474685669 14
1706282410781 0.1225806474685669 15
1706282412436 0.1225806474685669 16
1706282413706 0.1225806474685669 17
1706282414651 0.1225806474685669 18
1706282415971 0.1225806474685669 19
1706282417078 0.1225806474685669 20
1706282418292 0.1225806474685669 21
1706282419432 0.1225806474685669 22
1706282420482 0.1225806474685669 23
1706282421700 0.1225806474685669 24
1706282422708 0.1225806474685669 25
1706282423905 0.1225806474685669 26
1706282425266 0.1225806474685669 27
1706282426684 0.1225806474685669 28
1706282427569 0.1225806474685669 29
1706282447664 0.140625 0
