1706282390531 17.646224975585938 0
1706282392155 17.64800262451172 1
1706282393479 17.649120330810547 2
1706282395058 17.65079689025879 3
1706282396388 17.650501251220703 4
1706282397722 17.650802612304688 5
1706282398840 17.650800704956055 6
1706282400741 17.65078353881836 7
1706282401824 17.65080451965332 8
1706282403450 17.650802612304688 9
1706282404773 17.650802612304688 10
1706282405897 17.65080451965332 11
1706282406883 17.650802612304688 12
1706282407936 17.650802612304688 13
1706282409187 17.650793075561523 14
1706282410781 17.65070152282715 15
1706282412436 17.650510787963867 16
1706282413706 17.650806427001953 17
1706282414651 17.650806427001953 18
1706282415971 17.650806427001953 19
1706282417078 17.650806427001953 20
1706282418292 17.650806427001953 21
1706282419432 17.650806427001953 22
1706282420482 17.650806427001953 23
1706282421700 17.650806427001953 24
1706282422708 17.650806427001953 25
1706282423905 17.650806427001953 26
1706282425266 17.650806427001953 27
1706282426684 17.650806427001953 28
1706282427569 17.650806427001953 29
