1706227477278 0.12903225421905518 0
1706227478279 0.1483870893716812 1
1706227479108 0.1483870893716812 2
1706227480067 0.1483870893716812 3
1706227481280 0.1483870893716812 4
1706227482154 0.1483870893716812 5
1706227482994 0.1483870893716812 6
1706227483993 0.1483870893716812 7
1706227485040 0.1483870893716812 8
1706227486210 0.1483870893716812 9
1706227487332 0.1483870893716812 10
1706227488538 0.1483870893716812 11
1706227489704 0.1483870893716812 12
1706227490455 0.1483870893716812 13
1706227491424 0.1483870893716812 14
1706227492140 0.1483870893716812 15
1706227493096 0.1483870893716812 16
1706227494228 0.1483870893716812 17
1706227495071 0.1483870893716812 18
1706227495873 0.1483870893716812 19
1706227496708 0.1483870893716812 20
1706227497478 0.1483870893716812 21
1706227498507 0.1483870893716812 22
1706227499522 0.1483870893716812 23
1706227500413 0.1483870893716812 24
1706227501391 0.1483870893716812 25
1706227502303 0.1483870893716812 26
1706227503113 0.1483870893716812 27
1706227504062 0.1483870893716812 28
1706227505144 0.1483870893716812 29
1706227520660 0.171875 0
