1706227477278 17.650070190429688 0
1706227478279 17.650806427001953 1
1706227479108 17.650806427001953 2
1706227480067 17.650806427001953 3
1706227481280 17.650806427001953 4
1706227482154 17.650806427001953 5
1706227482994 17.650806427001953 6
1706227483993 17.650806427001953 7
1706227485040 17.650806427001953 8
1706227486210 17.650806427001953 9
1706227487332 17.650806427001953 10
1706227488538 17.650806427001953 11
1706227489704 17.650806427001953 12
1706227490455 17.650806427001953 13
1706227491424 17.650806427001953 14
1706227492140 17.650806427001953 15
1706227493096 17.650806427001953 16
1706227494228 17.650806427001953 17
1706227495071 17.650806427001953 18
1706227495873 17.650806427001953 19
1706227496708 17.650806427001953 20
1706227497478 17.650806427001953 21
1706227498507 17.650806427001953 22
1706227499522 17.650806427001953 23
1706227500413 17.650806427001953 24
1706227501391 17.650806427001953 25
1706227502303 17.650806427001953 26
1706227503113 17.650806427001953 27
1706227504062 17.650806427001953 28
1706227505144 17.650806427001953 29
