1706224364518 0.13225805759429932 0
1706224365285 0.17419354617595673 1
1706224366065 0.3193548321723938 2
1706224367222 0.37419354915618896 3
1706224368588 0.5096774101257324 4
1706224369788 0.5935483574867249 5
1706224371151 0.6193548440933228 6
1706224372648 0.6935483813285828 7
1706224373639 0.6967741847038269 8
1706224374467 0.7774193286895752 9
1706224375251 0.8225806355476379 10
1706224376049 0.85161292552948 11
1706224376739 0.8677419424057007 12
1706224377504 0.9096774458885193 13
1706224378268 0.9354838728904724 14
1706224398263 0.53125 0
