1706224364518 146.941650390625 0
1706224365285 32.065486907958984 1
1706224366065 9.577555656433105 2
1706224367222 4.557034969329834 3
1706224368588 2.8235390186309814 4
1706224369788 1.8632093667984009 5
1706224371151 1.6865010261535645 6
1706224372648 1.1590819358825684 7
1706224373639 0.9798864722251892 8
1706224374467 0.7457435727119446 9
1706224375251 0.592648983001709 10
1706224376049 0.465863436460495 11
1706224376739 0.3956209123134613 12
1706224377504 0.2833990454673767 13
1706224378268 0.24188892543315887 14
