1706219687670 0.11935483664274216 0
1706219689411 0.1225806474685669 1
1706219690964 0.1225806474685669 2
1706219692111 0.1225806474685669 3
1706219693271 0.1225806474685669 4
1706219694394 0.1225806474685669 5
1706219695523 0.1225806474685669 6
1706219696838 0.1225806474685669 7
1706219697869 0.1225806474685669 8
1706219698830 0.1225806474685669 9
1706219699808 0.1225806474685669 10
1706219700845 0.1225806474685669 11
1706219702072 0.1225806474685669 12
1706219703027 0.1225806474685669 13
1706219703979 0.1225806474685669 14
1706219715012 0.140625 0
