1706219687670 17.650060653686523 0
1706219689411 17.65080451965332 1
1706219690964 17.650802612304688 2
1706219692111 17.65074348449707 3
1706219693271 17.650806427001953 4
1706219694394 17.650806427001953 5
1706219695523 17.650806427001953 6
1706219696838 17.650806427001953 7
1706219697869 17.650806427001953 8
1706219698830 17.650806427001953 9
1706219699808 17.650806427001953 10
1706219700845 17.650806427001953 11
1706219702072 17.650806427001953 12
1706219703027 17.650806427001953 13
1706219703979 17.650806427001953 14
