1706218949882 0.12903225421905518 0
1706218950682 0.14516128599643707 1
1706218951495 0.17741934955120087 2
1706218952336 0.20967741310596466 3
1706218953209 0.2935483753681183 4
1706218954214 0.5032258033752441 5
1706218955147 0.6709677577018738 6
1706218955946 0.7290322780609131 7
1706218957009 0.8451613187789917 8
1706218957877 0.9161290526390076 9
1706218958751 0.9580644965171814 10
1706218959640 1.0 11
1706218960442 1.0 12
1706218961284 1.0 13
1706218962197 1.0 14
1706218962992 1.0 15
1706218963911 1.0 16
1706218964751 1.0 17
1706218965572 1.0 18
1706218966578 1.0 19
1706218986881 0.4375 0
