1706218949882 119.33245086669922 0
1706218950682 107.46279907226562 1
1706218951495 18.728296279907227 2
1706218952336 2.6452667713165283 3
1706218953209 2.084078073501587 4
1706218954214 1.3790149688720703 5
1706218955147 1.0916779041290283 6
1706218955946 0.8147557973861694 7
1706218957009 0.5099547505378723 8
1706218957877 0.27880361676216125 9
1706218958751 0.15031057596206665 10
1706218959640 0.059528645128011703 11
1706218960442 0.03538494184613228 12
1706218961284 0.012391571886837482 13
1706218962197 0.008863707073032856 14
1706218962992 0.00402850192040205 15
1706218963911 0.0020024175755679607 16
1706218964751 0.0011753208236768842 17
1706218965572 0.0006547830998897552 18
1706218966578 0.0004731589287985116 19
