1706222447575 0.106451615691185 0
1706222448531 0.12580645084381104 1
1706222449496 0.17741934955120087 2
1706222450859 0.19354838132858276 3
1706222452211 0.26774194836616516 4
1706222453182 0.26451611518859863 5
1706222454030 0.3032258152961731 6
1706222454756 0.4935483932495117 7
1706222455521 0.6161290407180786 8
1706222456272 0.7483870983123779 9
1706222457343 0.8419354557991028 10
1706222458167 0.9032257795333862 11
1706222459125 0.9322580695152283 12
1706222460257 0.9548386931419373 13
1706222461456 0.977419376373291 14
1706222484180 0.5625 0
