1706222447575 183.1520233154297 0
1706222448531 176.041259765625 1
1706222449496 99.19003295898438 2
1706222450859 30.505475997924805 3
1706222452211 5.6753716468811035 4
1706222453182 3.1730878353118896 5
1706222454030 2.224241256713867 6
1706222454756 1.4631102085113525 7
1706222455521 1.1080982685089111 8
1706222456272 0.7381002902984619 9
1706222457343 0.5558820962905884 10
1706222458167 0.3473052382469177 11
1706222459125 0.2483949214220047 12
1706222460257 0.16730459034442902 13
1706222461456 0.10821912437677383 14
