1706225889179 0.10000000149011612 0
1706225889878 0.1225806474685669 1
1706225890598 0.1225806474685669 2
1706225891295 0.1225806474685669 3
1706225891970 0.1225806474685669 4
1706225892651 0.1225806474685669 5
1706225893294 0.1225806474685669 6
1706225893925 0.1225806474685669 7
1706225894638 0.1225806474685669 8
1706225895573 0.1225806474685669 9
1706225896218 0.1225806474685669 10
1706225896887 0.1225806474685669 11
1706225897562 0.1225806474685669 12
1706225898263 0.1225806474685669 13
1706225898957 0.1225806474685669 14
1706225899640 0.1225806474685669 15
1706225900307 0.1225806474685669 16
1706225900919 0.1225806474685669 17
1706225901519 0.1225806474685669 18
1706225902124 0.1225806474685669 19
1706225902861 0.1225806474685669 20
1706225903454 0.1225806474685669 21
1706225904061 0.1225806474685669 22
1706225904725 0.1225806474685669 23
1706225905350 0.1225806474685669 24
1706225906246 0.1225806474685669 25
1706225906825 0.1225806474685669 26
1706225907509 0.1225806474685669 27
1706225908132 0.1225806474685669 28
1706225908938 0.1225806474685669 29
1706225946227 0.140625 0
