1706225889179 17.64854621887207 0
1706225889878 17.650806427001953 1
1706225890598 17.650806427001953 2
1706225891295 17.650806427001953 3
1706225891970 17.650806427001953 4
1706225892651 17.650806427001953 5
1706225893294 17.650806427001953 6
1706225893925 17.650806427001953 7
1706225894638 17.650806427001953 8
1706225895573 17.650806427001953 9
1706225896218 17.650806427001953 10
1706225896887 17.650806427001953 11
1706225897562 17.650806427001953 12
1706225898263 17.650806427001953 13
1706225898957 17.650806427001953 14
1706225899640 17.650806427001953 15
1706225900307 17.650806427001953 16
1706225900919 17.650806427001953 17
1706225901519 17.650806427001953 18
1706225902124 17.650806427001953 19
1706225902861 17.650806427001953 20
1706225903454 17.650806427001953 21
1706225904061 17.650806427001953 22
1706225904725 17.650806427001953 23
1706225905350 17.650806427001953 24
1706225906246 17.650806427001953 25
1706225906825 17.650806427001953 26
1706225907509 17.650806427001953 27
1706225908132 17.650806427001953 28
1706225908938 17.650806427001953 29
