1706284959338 0.16129031777381897 0
1706284960616 0.1548387110233307 1
1706284961815 0.10967741906642914 2
1706284962853 0.1483870893716812 3
1706284963914 0.12903225421905518 4
1706284964904 0.13225805759429932 5
1706284965944 0.17096774280071259 6
1706284966958 0.18387097120285034 7
1706284968132 0.17741934955120087 8
1706284969419 0.16774193942546844 9
1706284970830 0.1483870893716812 10
1706284971811 0.16774193942546844 11
1706284972765 0.21290323138237 12
1706284973683 0.2612903118133545 13
1706284974633 0.25161290168762207 14
1706284975555 0.3258064389228821 15
1706284976805 0.42903226613998413 16
1706284977794 0.46451613306999207 17
1706284978747 0.5387097001075745 18
1706284979686 0.6161290407180786 19
1706285003218 0.34375 0
