1706284959338 52.69725799560547 0
1706284960616 212.421142578125 1
1706284961815 282.62103271484375 2
1706284962853 291.376953125 3
1706284963914 226.31983947753906 4
1706284964904 172.86544799804688 5
1706284965944 118.04732513427734 6
1706284966958 71.31918334960938 7
1706284968132 41.285491943359375 8
1706284969419 23.539390563964844 9
1706284970830 15.443235397338867 10
1706284971811 9.00889778137207 11
1706284972765 4.168822288513184 12
1706284973683 2.768842935562134 13
1706284974633 2.551910638809204 14
1706284975555 1.9669548273086548 15
1706284976805 1.5864930152893066 16
1706284977794 1.3873016834259033 17
1706284978747 1.246182918548584 18
1706284979686 1.1290857791900635 19
