1706264265731 0.12903225421905518 0
1706264266450 0.2612903118133545 1
1706264267136 0.5451613068580627 2
1706264267847 0.699999988079071 3
1706264268719 0.8290322422981262 4
1706264269875 0.9548386931419373 5
1706264270636 0.9903225898742676 6
1706264271401 0.9967741966247559 7
1706264272209 0.9967741966247559 8
1706264272931 0.9967741966247559 9
1706264273592 0.9935483932495117 10
1706264274655 0.9870967864990234 11
1706264276148 1.0 12
1706264277009 0.9967741966247559 13
1706264278063 1.0 14
1706264278803 0.9967741966247559 15
1706264279554 1.0 16
1706264280452 1.0 17
1706264281246 0.9967741966247559 18
1706264281966 0.9967741966247559 19
1706264282710 1.0 20
1706264283454 1.0 21
1706264284316 1.0 22
1706264285042 1.0 23
1706264285713 1.0 24
1706264286496 1.0 25
1706264287242 1.0 26
1706264288125 1.0 27
1706264288894 1.0 28
1706264289715 1.0 29
1706264322524 0.453125 0
