1706264265731 96.9310531616211 0
1706264266450 2.677670478820801 1
1706264267136 1.4109952449798584 2
1706264267847 0.9407461881637573 3
1706264268719 0.5212403535842896 4
1706264269875 0.20220768451690674 5
1706264270636 0.04896514117717743 6
1706264271401 0.036242976784706116 7
1706264272209 0.03200864419341087 8
1706264272931 0.014460605569183826 9
1706264273592 0.03264278918504715 10
1706264274655 0.031235849484801292 11
1706264276148 0.013654813170433044 12
1706264277009 0.010061392560601234 13
1706264278063 0.007399075198918581 14
1706264278803 0.008486633189022541 15
1706264279554 0.0035132335033267736 16
1706264280452 0.002776054199784994 17
1706264281246 0.008004673756659031 18
1706264281966 0.007796048186719418 19
1706264282710 0.008089977316558361 20
1706264283454 0.0013093242887407541 21
1706264284316 0.001344893011264503 22
1706264285042 0.0003645728575065732 23
1706264285713 0.00030064707971177995 24
1706264286496 0.0001806803629733622 25
1706264287242 0.00011760523921111599 26
1706264288125 9.455687541048974e-05 27
1706264288894 8.035628707148135e-05 28
1706264289715 7.211957563413307e-05 29
