1706222558452 0.106451615691185 0
1706222559464 0.12580645084381104 1
1706222560524 0.15161290764808655 2
1706222561527 0.18709677457809448 3
1706222562783 0.2548387050628662 4
1706222564056 0.37419354915618896 5
1706222565781 0.3677419424057007 6
1706222567161 0.36451613903045654 7
1706222568742 0.33870968222618103 8
1706222570577 0.4096774160861969 9
1706222571777 0.5129032135009766 10
1706222573118 0.49677419662475586 11
1706222574312 0.5258064270019531 12
1706222575478 0.5 13
1706222579144 0.5451613068580627 14
1706222593967 0.484375 0
