1706222558452 107.81014251708984 0
1706222559464 161.52960205078125 1
1706222560524 105.739013671875 2
1706222561527 60.63014602661133 3
1706222562783 35.24985122680664 4
1706222564056 24.521196365356445 5
1706222565781 21.347415924072266 6
1706222567161 16.42812728881836 7
1706222568742 15.330242156982422 8
1706222570577 10.866606712341309 9
1706222571777 7.701412677764893 10
1706222573118 7.376006603240967 11
1706222574312 5.871578216552734 12
1706222575478 4.641295433044434 13
1706222579144 4.3662896156311035 14
