1706225806608 0.14193548262119293 0
1706225807284 0.11935483664274216 1
1706225807942 0.10967741906642914 2
1706225808581 0.1548387110233307 3
1706225809532 0.33870968222618103 4
1706225810248 0.5064516067504883 5
1706225811006 0.6806451678276062 6
1706225811629 0.7580645084381104 7
1706225812254 0.9129032492637634 8
1706225813092 0.9516128897666931 9
1706225813931 0.977419376373291 10
1706225814637 0.9935483932495117 11
1706225815476 0.9903225898742676 12
1706225816092 1.0 13
1706225816786 1.0 14
1706225817437 1.0 15
1706225818145 1.0 16
1706225818844 1.0 17
1706225819434 1.0 18
1706225820098 1.0 19
1706225820737 1.0 20
1706225821345 1.0 21
1706225822112 1.0 22
1706225822721 1.0 23
1706225823356 1.0 24
1706225823931 1.0 25
1706225824534 1.0 26
1706225825142 1.0 27
1706225825788 1.0 28
1706225826411 1.0 29
1706225837720 0.5625 0
