1706225806608 182.000732421875 0
1706225807284 127.19554138183594 1
1706225807942 33.58894729614258 2
1706225808581 7.676536560058594 3
1706225809532 2.602173089981079 4
1706225810248 1.4375414848327637 5
1706225811006 1.0665184259414673 6
1706225811629 0.7182667255401611 7
1706225812254 0.3419167697429657 8
1706225813092 0.19492195546627045 9
1706225813931 0.11970557272434235 10
1706225814637 0.052334245294332504 11
1706225815476 0.03756161034107208 12
1706225816092 0.013194285333156586 13
1706225816786 0.010982317849993706 14
1706225817437 0.004032333381474018 15
1706225818145 0.0022333748638629913 16
1706225818844 0.0012453115778043866 17
1706225819434 0.0006259761285036802 18
1706225820098 0.00029099819948896766 19
1706225820737 0.00021287097479216754 20
1706225821345 0.00016150153533089906 21
1706225822112 0.00012346140283625573 22
1706225822721 9.581638005329296e-05 23
1706225823356 8.119548874674365e-05 24
1706225823931 6.57791897538118e-05 25
1706225824534 5.6650442274985835e-05 26
1706225825142 4.602445915224962e-05 27
1706225825788 4.0364564483752474e-05 28
1706225826411 3.5995766666019335e-05 29
