1706222734371 0.17096774280071259 0
1706222735196 0.40645161271095276 1
1706222736044 0.6516128778457642 2
1706222737008 0.8193548321723938 3
1706222737955 0.92580646276474 4
1706222739176 0.8161290287971497 5
1706222740141 0.9387096762657166 6
1706222741064 0.8193548321723938 7
1706222742252 0.8129032254219055 8
1706222743348 0.9419354796409607 9
1706222744481 0.9838709831237793 10
1706222745363 0.9096774458885193 11
1706222746223 0.7935484051704407 12
1706222747038 0.9838709831237793 13
1706222747844 0.9967741966247559 14
1706222763131 0.484375 0
