1706222734371 155.16888427734375 0
1706222735196 2.2553601264953613 1
1706222736044 1.2153918743133545 2
1706222737008 0.6580047011375427 3
1706222737955 0.2644326090812683 4
1706222739176 0.6413164138793945 5
1706222740141 0.19032536447048187 6
1706222741064 3.0187532901763916 7
1706222742252 0.8923688530921936 8
1706222743348 0.26072192192077637 9
1706222744481 0.06616614758968353 10
1706222745363 0.31591781973838806 11
1706222746223 1.2485158443450928 12
1706222747038 0.10941624641418457 13
1706222747844 0.010874886997044086 14
