1706223647111 0.19032257795333862 0
1706223648535 0.23870967328548431 1
1706223649566 0.3677419424057007 2
1706223650872 0.5 3
1706223651985 0.6451612710952759 4
1706223652888 0.7322580814361572 5
1706223653775 0.7967742085456848 6
1706223654792 0.8774193525314331 7
1706223656297 0.8935483694076538 8
1706223657576 0.9419354796409607 9
1706223658599 0.9516128897666931 10
1706223659875 0.9806451797485352 11
1706223661041 0.9838709831237793 12
1706223662233 0.9806451797485352 13
1706223663211 0.9935483932495117 14
1706223664129 1.0 15
1706223665235 1.0 16
1706223666347 1.0 17
1706223667488 1.0 18
1706223668497 1.0 19
1706223683328 0.390625 0
