1706223647111 78.65279388427734 0
1706223648535 12.857131958007812 1
1706223649566 3.96226167678833 2
1706223650872 2.035611152648926 3
1706223651985 1.279142141342163 4
1706223652888 0.9359985589981079 5
1706223653775 0.725517988204956 6
1706223654792 0.4382597506046295 7
1706223656297 0.33574968576431274 8
1706223657576 0.2242499738931656 9
1706223658599 0.1914658397436142 10
1706223659875 0.12634164094924927 11
1706223661041 0.11287910491228104 12
1706223662233 0.10997073352336884 13
1706223663211 0.06995368748903275 14
1706223664129 0.05836460366845131 15
1706223665235 0.048867639154195786 16
1706223666347 0.04450584575533867 17
1706223667488 0.03925882652401924 18
1706223668497 0.03604995831847191 19
