1706227554110 0.10322580486536026 0
1706227554818 0.12580645084381104 1
1706227555486 0.20645160973072052 2
1706227556292 0.3129032254219055 3
1706227557020 0.3838709592819214 4
1706227557797 0.4903225898742676 5
1706227558530 0.5935483574867249 6
1706227559227 0.7225806713104248 7
1706227559926 0.8129032254219055 8
1706227560622 0.8709677457809448 9
1706227561265 0.9064516425132751 10
1706227561989 0.9387096762657166 11
1706227562675 0.9516128897666931 12
1706227563431 0.9677419066429138 13
1706227564279 0.977419376373291 14
1706227565318 0.9838709831237793 15
1706227566381 0.977419376373291 16
1706227567366 0.9516128897666931 17
1706227568181 0.5870967507362366 18
1706227569047 0.5064516067504883 19
1706227583008 0.25 0
