1706227554110 129.50662231445312 0
1706227554818 426.3042907714844 1
1706227555486 23.03936767578125 2
1706227556292 6.516289234161377 3
1706227557020 3.4788286685943604 4
1706227557797 2.846348285675049 5
1706227558530 1.6767810583114624 6
1706227559227 0.9095144867897034 7
1706227559926 0.6504601836204529 8
1706227560622 0.5090821385383606 9
1706227561265 0.38247087597846985 10
1706227561989 0.2847626805305481 11
1706227562675 0.21949012577533722 12
1706227563431 0.17825013399124146 13
1706227564279 0.15814220905303955 14
1706227565318 0.12086362391710281 15
1706227566381 0.10628396272659302 16
1706227567366 0.18021568655967712 17
1706227568181 1.8958330154418945 18
1706227569047 4.03190279006958 19
