1706282317232 0.1387096792459488 0
1706282318145 0.13225805759429932 1
1706282319557 0.12903225421905518 2
1706282320683 0.13225805759429932 3
1706282321697 0.18709677457809448 4
1706282322795 0.1806451678276062 5
1706282323906 0.22258064150810242 6
1706282325270 0.26451611518859863 7
1706282326708 0.2935483753681183 8
1706282327679 0.33870968222618103 9
1706282328740 0.3129032254219055 10
1706282329984 0.4096774160861969 11
1706282330933 0.45483872294425964 12
1706282331735 0.4741935431957245 13
1706282332605 0.448387086391449 14
1706282333720 0.5064516067504883 15
1706282334886 0.57419353723526 16
1706282336156 0.5709677338600159 17
1706282337534 0.5258064270019531 18
1706282338893 0.5032258033752441 19
1706282340358 0.6129032373428345 20
1706282342153 0.6838709712028503 21
1706282343715 0.6677419543266296 22
1706282345494 0.7032257914543152 23
1706282347153 0.6096774339675903 24
1706282348929 0.7193548679351807 25
1706282350071 0.7290322780609131 26
1706282352053 0.6935483813285828 27
1706282353687 0.7451612949371338 28
1706282355184 0.7935484051704407 29
1706282383636 0.40625 0
