1706282317232 96.57452392578125 0
1706282318145 251.25047302246094 1
1706282319557 143.642822265625 2
1706282320683 67.39781188964844 3
1706282321697 39.81724166870117 4
1706282322795 26.118555068969727 5
1706282323906 21.064104080200195 6
1706282325270 14.635343551635742 7
1706282326708 12.873926162719727 8
1706282327679 8.743880271911621 9
1706282328740 6.305362224578857 10
1706282329984 3.927880048751831 11
1706282330933 3.254000663757324 12
1706282331735 2.9750304222106934 13
1706282332605 2.918846607208252 14
1706282333720 2.653735399246216 15
1706282334886 2.1411800384521484 16
1706282336156 1.9023374319076538 17
1706282337534 2.139899969100952 18
1706282338893 2.5266950130462646 19
1706282340358 1.596552848815918 20
1706282342153 1.3370579481124878 21
1706282343715 1.292478322982788 22
1706282345494 1.1460336446762085 23
1706282347153 1.4219506978988647 24
1706282348929 1.0091028213500977 25
1706282350071 1.0211023092269897 26
1706282352053 1.4002628326416016 27
1706282353687 1.0834015607833862 28
1706282355184 0.8258270025253296 29
