1706222765790 0.12580645084381104 0
1706222767065 0.1225806474685669 1
1706222768157 0.14193548262119293 2
1706222769704 0.1387096792459488 3
1706222771018 0.14516128599643707 4
1706222772017 0.22580644488334656 5
1706222772970 0.3032258152961731 6
1706222773711 0.2548387050628662 7
1706222774611 0.24838709831237793 8
1706222775466 0.2612903118133545 9
1706222776216 0.31612902879714966 10
1706222776984 0.4354838728904724 11
1706222777747 0.47741934657096863 12
1706222778877 0.3709677457809448 13
1706222779760 0.5 14
1706222780478 0.5096774101257324 15
1706222781208 0.5580645203590393 16
1706222781919 0.6419354677200317 17
1706222782636 0.6516128778457642 18
1706222783358 0.6451612710952759 19
1706222799397 0.34375 0
