1706222765790 82.26520538330078 0
1706222767065 246.7632598876953 1
1706222768157 120.59786987304688 2
1706222769704 93.8511962890625 3
1706222771018 51.11176300048828 4
1706222772017 27.427387237548828 5
1706222772970 21.17940902709961 6
1706222773711 13.880182266235352 7
1706222774611 8.089004516601562 8
1706222775466 6.268430233001709 9
1706222776216 7.139357089996338 10
1706222776984 3.412222385406494 11
1706222777747 3.213008403778076 12
1706222778877 3.9126648902893066 13
1706222779760 2.8638594150543213 14
1706222780478 2.1306378841400146 15
1706222781208 2.136404037475586 16
1706222781919 1.4202476739883423 17
1706222782636 1.3803941011428833 18
1706222783358 1.3358906507492065 19
