1706282454241 0.15806451439857483 0
1706282455262 0.12903225421905518 1
1706282456265 0.12903225421905518 2
1706282457153 0.12903225421905518 3
1706282458556 0.12903225421905518 4
1706282459870 0.12903225421905518 5
1706282461083 0.12903225421905518 6
1706282462418 0.12903225421905518 7
1706282464133 0.12903225421905518 8
1706282465872 0.12903225421905518 9
1706282467253 0.12903225421905518 10
1706282468819 0.12903225421905518 11
1706282470358 0.12903225421905518 12
1706282471723 0.12903225421905518 13
1706282473435 0.12903225421905518 14
1706282474817 0.12903225421905518 15
1706282476589 0.12903225421905518 16
1706282477867 0.12903225421905518 17
1706282478691 0.12903225421905518 18
1706282479881 0.12903225421905518 19
1706282480692 0.12903225421905518 20
1706282481868 0.12903225421905518 21
1706282482764 0.12903225421905518 22
1706282484099 0.12903225421905518 23
1706282485599 0.12903225421905518 24
1706282486617 0.12903225421905518 25
1706282487536 0.12903225421905518 26
1706282488776 0.12903225421905518 27
1706282489769 0.12903225421905518 28
1706282490799 0.12903225421905518 29
1706282507014 0.109375 0
