1706282454241 17.646520614624023 0
1706282455262 17.650806427001953 1
1706282456265 17.650806427001953 2
1706282457153 17.650806427001953 3
1706282458556 17.650806427001953 4
1706282459870 17.650806427001953 5
1706282461083 17.650806427001953 6
1706282462418 17.650806427001953 7
1706282464133 17.650806427001953 8
1706282465872 17.650806427001953 9
1706282467253 17.650806427001953 10
1706282468819 17.650806427001953 11
1706282470358 17.650806427001953 12
1706282471723 17.650806427001953 13
1706282473435 17.650806427001953 14
1706282474817 17.650806427001953 15
1706282476589 17.650806427001953 16
1706282477867 17.650806427001953 17
1706282478691 17.650806427001953 18
1706282479881 17.650806427001953 19
1706282480692 17.650806427001953 20
1706282481868 17.650806427001953 21
1706282482764 17.650806427001953 22
1706282484099 17.650806427001953 23
1706282485599 17.650806427001953 24
1706282486617 17.650806427001953 25
1706282487536 17.650806427001953 26
1706282488776 17.650806427001953 27
1706282489769 17.650806427001953 28
1706282490799 17.650806427001953 29
