1706222488802 0.09677419066429138 0
1706222489932 0.10000000149011612 1
1706222490703 0.10322580486536026 2
1706222491641 0.10322580486536026 3
1706222492690 0.10322580486536026 4
1706222493997 0.10322580486536026 5
1706222494918 0.10322580486536026 6
1706222495902 0.10322580486536026 7
1706222497039 0.10967741906642914 8
1706222497712 0.106451615691185 9
1706222498800 0.106451615691185 10
1706222499615 0.10967741906642914 11
1706222500323 0.1225806474685669 12
1706222500993 0.10967741906642914 13
1706222501637 0.106451615691185 14
1706222502285 0.10322580486536026 15
1706222502923 0.13548387587070465 16
1706222503535 0.1225806474685669 17
1706222504150 0.12903225421905518 18
1706222504741 0.15161290764808655 19
1706222505325 0.1225806474685669 20
1706222505956 0.1225806474685669 21
1706222506738 0.1225806474685669 22
1706222507361 0.1225806474685669 23
1706222507968 0.1225806474685669 24
1706222508571 0.1225806474685669 25
1706222509525 0.1225806474685669 26
1706222510128 0.1225806474685669 27
1706222510712 0.1225806474685669 28
1706222511334 0.1225806474685669 29
1706222523759 0.140625 0
