1706222488802 17.64881134033203 0
1706222489932 17.649160385131836 1
1706222490703 17.65080451965332 2
1706222491641 17.650802612304688 3
1706222492690 17.650802612304688 4
1706222493997 17.650800704956055 5
1706222494918 17.650787353515625 6
1706222495902 17.650676727294922 7
1706222497039 17.650638580322266 8
1706222497712 17.650724411010742 9
1706222498800 17.650522232055664 10
1706222499615 17.650463104248047 11
1706222500323 17.64793586730957 12
1706222500993 17.649616241455078 13
1706222501637 17.646860122680664 14
1706222502285 17.648210525512695 15
1706222502923 17.649005889892578 16
1706222503535 17.650312423706055 17
1706222504150 17.65010643005371 18
1706222504741 17.64643096923828 19
1706222505325 17.65078353881836 20
1706222505956 17.65067481994629 21
1706222506738 17.650806427001953 22
1706222507361 17.650806427001953 23
1706222507968 17.650806427001953 24
1706222508571 17.650806427001953 25
1706222509525 17.650806427001953 26
1706222510128 17.650806427001953 27
1706222510712 17.650806427001953 28
1706222511334 17.650806427001953 29
