1706225730729 0.13225805759429932 0
1706225731849 0.21290323138237 1
1706225732953 0.3838709592819214 2
1706225734014 0.6354838609695435 3
1706225735026 0.7935484051704407 4
1706225735800 0.9161290526390076 5
1706225736505 0.9677419066429138 6
1706225737181 0.9838709831237793 7
1706225737842 0.9967741966247559 8
1706225738533 0.9967741966247559 9
1706225739207 1.0 10
1706225739855 1.0 11
1706225740489 1.0 12
1706225741314 1.0 13
1706225741983 1.0 14
1706225742659 1.0 15
1706225743301 1.0 16
1706225743942 1.0 17
1706225744566 1.0 18
1706225745205 1.0 19
1706225759769 0.453125 0
