1706225730729 274.5921936035156 0
1706225731849 8.032376289367676 1
1706225732953 3.421973943710327 2
1706225734014 1.116573452949524 3
1706225735026 0.6529104709625244 4
1706225735800 0.3658260405063629 5
1706225736505 0.18295127153396606 6
1706225737181 0.07254578173160553 7
1706225737842 0.038307178765535355 8
1706225738533 0.020228635519742966 9
1706225739207 0.0061111124232411385 10
1706225739855 0.002327797468751669 11
1706225740489 0.0014794510789215565 12
1706225741314 0.0014669528463855386 13
1706225741983 0.0006400704151019454 14
1706225742659 0.0003698903019540012 15
1706225743301 0.0002598092542029917 16
1706225743942 0.00019141010125167668 17
1706225744566 0.00014748216199222952 18
1706225745205 0.00011244667257415131 19
