1706284705743 0.15161290764808655 0
1706284707185 0.14516128599643707 1
1706284708509 0.17741934955120087 2
1706284710151 0.2806451618671417 3
1706284711782 0.39032256603240967 4
1706284712765 0.5322580933570862 5
1706284713756 0.699999988079071 6
1706284714720 0.8225806355476379 7
1706284715730 0.9096774458885193 8
1706284716770 0.9548386931419373 9
1706284718087 0.9870967864990234 10
1706284719127 0.9935483932495117 11
1706284720227 0.9967741966247559 12
1706284721264 0.9935483932495117 13
1706284722238 1.0 14
1706284723618 1.0 15
1706284725259 1.0 16
1706284726743 0.9967741966247559 17
1706284727853 1.0 18
1706284729207 1.0 19
1706284755791 0.484375 0
