1706284705743 98.16542053222656 0
1706284707185 124.68558502197266 1
1706284708509 34.958438873291016 2
1706284710151 5.288390636444092 3
1706284711782 1.8588011264801025 4
1706284712765 1.334794521331787 5
1706284713756 1.0250612497329712 6
1706284714720 0.6710259318351746 7
1706284715730 0.3771517872810364 8
1706284716770 0.17046506702899933 9
1706284718087 0.06455927342176437 10
1706284719127 0.04618310183286667 11
1706284720227 0.017540715634822845 12
1706284721264 0.01388698723167181 13
1706284722238 0.00452599860727787 14
1706284723618 0.003948692232370377 15
1706284725259 0.0009740120149217546 16
1706284726743 0.012782743200659752 17
1706284727853 0.0007765641203150153 18
1706284729207 0.0012076662387698889 19
