1706282512687 0.13276836276054382 0
1706282513804 0.20056496560573578 1
1706282515753 0.32485875487327576 2
1706282517720 0.32485875487327576 3
1706282519177 0.38983049988746643 4
1706282521078 0.49435028433799744 5
1706282522792 0.590395450592041 6
1706282525066 0.6525423526763916 7
1706282526430 0.6892655491828918 8
1706282527713 0.709039568901062 9
1706282528896 0.7175140976905823 10
1706282530122 0.7824859023094177 11
1706282531340 0.8192090392112732 12
1706282532915 0.8700565099716187 13
1706282534546 0.8841807842254639 14
1706282557480 0.46875 0
1706282557555 0.46875 0
