1706282512687 139.8060760498047 0
1706282513804 46.95476531982422 1
1706282515753 13.758634567260742 2
1706282517720 7.370917797088623 3
1706282519177 4.730456829071045 4
1706282521078 2.4065632820129395 5
1706282522792 1.6176440715789795 6
1706282525066 1.2473524808883667 7
1706282526430 1.25635826587677 8
1706282527713 0.9511467218399048 9
1706282528896 0.8830404281616211 10
1706282530122 0.635785698890686 11
1706282531340 0.5477782487869263 12
1706282532915 0.4716764986515045 13
1706282534546 0.42186111211776733 14
