1706227629665 0.13225805759429932 0
1706227630651 0.1645161360502243 1
1706227631422 0.4161290228366852 2
1706227632120 0.45483872294425964 3
1706227632871 0.5 4
1706227633667 0.603225827217102 5
1706227634583 0.6451612710952759 6
1706227635338 0.7161290049552917 7
1706227636153 0.7935484051704407 8
1706227636898 0.8419354557991028 9
1706227637654 0.8645161390304565 10
1706227638414 0.9032257795333862 11
1706227639151 0.9161290526390076 12
1706227640163 0.9451612830162048 13
1706227641375 0.9354838728904724 14
1706227642148 0.9645161032676697 15
1706227642872 0.9709677696228027 16
1706227643632 0.9677419066429138 17
1706227644433 0.9806451797485352 18
1706227645129 0.977419376373291 19
1706227646121 0.9903225898742676 20
1706227646982 0.9903225898742676 21
1706227647880 0.9935483932495117 22
1706227648645 0.9935483932495117 23
1706227649921 0.9935483932495117 24
1706227650637 0.9967741966247559 25
1706227651535 0.9967741966247559 26
1706227652526 0.9967741966247559 27
1706227653260 0.9967741966247559 28
1706227653984 1.0 29
1706227665636 0.5625 0
