1706227629665 113.74810028076172 0
1706227630651 37.55363082885742 1
1706227631422 8.295121192932129 2
1706227632120 4.752712726593018 3
1706227632871 2.4823453426361084 4
1706227633667 1.8556416034698486 5
1706227634583 1.2999634742736816 6
1706227635338 1.0602915287017822 7
1706227636153 0.7488746047019958 8
1706227636898 0.5555393099784851 9
1706227637654 0.45066162943840027 10
1706227638414 0.36857151985168457 11
1706227639151 0.31042012572288513 12
1706227640163 0.2621168792247772 13
1706227641375 0.23586711287498474 14
1706227642148 0.1825801134109497 15
1706227642872 0.15911930799484253 16
1706227643632 0.1394849270582199 17
1706227644433 0.12361930310726166 18
1706227645129 0.1134076789021492 19
1706227646121 0.08762358129024506 20
1706227646982 0.07828767597675323 21
1706227647880 0.06997346878051758 22
1706227648645 0.06294602155685425 23
1706227649921 0.056879155337810516 24
1706227650637 0.0518670417368412 25
1706227651535 0.0481032095849514 26
1706227652526 0.044554006308317184 27
1706227653260 0.04165729507803917 28
1706227653984 0.03820408135652542 29
