1706222678903 0.1225806474685669 0
1706222679946 0.1225806474685669 1
1706222680865 0.1225806474685669 2
1706222681703 0.1225806474685669 3
1706222682545 0.1225806474685669 4
1706222683321 0.1225806474685669 5
1706222684118 0.1225806474685669 6
1706222684891 0.1225806474685669 7
1706222685698 0.1225806474685669 8
1706222686461 0.1225806474685669 9
1706222687417 0.1225806474685669 10
1706222688100 0.1225806474685669 11
1706222688843 0.1225806474685669 12
1706222689650 0.1225806474685669 13
1706222690279 0.1225806474685669 14
1706222690949 0.1225806474685669 15
1706222691635 0.1225806474685669 16
1706222692329 0.1225806474685669 17
1706222693037 0.1225806474685669 18
1706222693749 0.1225806474685669 19
1706222694495 0.1225806474685669 20
1706222695207 0.1225806474685669 21
1706222696149 0.1225806474685669 22
1706222696887 0.1225806474685669 23
1706222697614 0.1225806474685669 24
1706222698321 0.1225806474685669 25
1706222699025 0.1225806474685669 26
1706222699748 0.1225806474685669 27
1706222700456 0.1225806474685669 28
1706222701112 0.1225806474685669 29
1706222731357 0.140625 0
