1706222678903 17.650806427001953 0
1706222679946 17.650806427001953 1
1706222680865 17.650806427001953 2
1706222681703 17.650806427001953 3
1706222682545 17.650806427001953 4
1706222683321 17.650806427001953 5
1706222684118 17.650806427001953 6
1706222684891 17.650806427001953 7
1706222685698 17.650806427001953 8
1706222686461 17.650806427001953 9
1706222687417 17.650806427001953 10
1706222688100 17.650806427001953 11
1706222688843 17.650806427001953 12
1706222689650 17.650806427001953 13
1706222690279 17.650806427001953 14
1706222690949 17.650806427001953 15
1706222691635 17.65080451965332 16
1706222692329 17.65080451965332 17
1706222693037 17.65080451965332 18
1706222693749 17.65080451965332 19
1706222694495 17.65080451965332 20
1706222695207 17.65080451965332 21
1706222696149 17.65080451965332 22
1706222696887 17.65080451965332 23
1706222697614 17.65080451965332 24
1706222698321 17.65080451965332 25
1706222699025 17.65080451965332 26
1706222699748 17.650802612304688 27
1706222700456 17.650802612304688 28
1706222701112 17.650802612304688 29
