1706284643366 0.18387097120285034 0
1706284644348 0.5 1
1706284645331 0.8032258152961731 2
1706284646451 0.8612903356552124 3
1706284647713 0.874193549156189 4
1706284648802 0.9903225898742676 5
1706284650060 1.0 6
1706284651172 0.625806450843811 7
1706284652628 0.7774193286895752 8
1706284654229 0.9806451797485352 9
1706284655389 0.9967741966247559 10
1706284656535 1.0 11
1706284658066 0.7483870983123779 12
1706284659314 0.9838709831237793 13
1706284660909 1.0 14
1706284662316 1.0 15
1706284663522 1.0 16
1706284664699 1.0 17
1706284665917 1.0 18
1706284667888 1.0 19
1706284701198 0.5 0
