1706284643366 73.57328796386719 0
1706284644348 1.8143398761749268 1
1706284645331 0.6321367621421814 2
1706284646451 0.7440981268882751 3
1706284647713 0.5605601072311401 4
1706284648802 0.04407426342368126 5
1706284650060 0.010198489762842655 6
1706284651172 5.459087371826172 7
1706284652628 1.190953016281128 8
1706284654229 0.06227989122271538 9
1706284655389 0.022257445380091667 10
1706284656535 0.005132931284606457 11
1706284658066 2.354973316192627 12
1706284659314 0.15216070413589478 13
1706284660909 0.005123399663716555 14
1706284662316 0.0012298336951062083 15
1706284663522 0.0005244404310360551 16
1706284664699 0.00031033053528517485 17
1706284665917 0.0001869348343461752 18
1706284667888 0.00011944340803893283 19
