1706281993432 0.14193548262119293 0
1706281994759 0.11612903326749802 1
1706281996233 0.11612903326749802 2
1706281997356 0.11612903326749802 3
1706281998243 0.11612903326749802 4
1706281999401 0.11612903326749802 5
1706282000547 0.11612903326749802 6
1706282001424 0.11612903326749802 7
1706282002585 0.11612903326749802 8
1706282003807 0.11612903326749802 9
1706282005069 0.11612903326749802 10
1706282006574 0.11612903326749802 11
1706282008174 0.11612903326749802 12
1706282009422 0.11612903326749802 13
1706282011183 0.11612903326749802 14
1706282012143 0.11612903326749802 15
1706282013389 0.11612903326749802 16
1706282014450 0.11612903326749802 17
1706282015421 0.11612903326749802 18
1706282016357 0.11612903326749802 19
1706282053956 0.125 0
