1706223555685 206.68226623535156 0
1706223556591 6.271291255950928 1
1706223557617 1.7303738594055176 2
1706223558870 0.6459546089172363 3
1706223560068 0.2936459183692932 4
1706223561241 0.07741859555244446 5
1706223562336 0.04001655802130699 6
1706223563483 0.01232096180319786 7
1706223564570 0.022646669298410416 8
1706223565530 0.004918908700346947 9
1706223566775 0.0017365363892167807 10
1706223567776 0.0010549831204116344 11
1706223568720 0.0007007749518379569 12
1706223569488 0.0004904281813651323 13
1706223570512 0.0003708833537530154 14
