1706224706634 0.10734463483095169 0
1706224707686 0.1525423675775528 1
1706224708715 0.27966102957725525 2
1706224709970 0.39830508828163147 3
1706224710874 0.44915252923965454 4
1706224711841 0.5310734510421753 5
1706224712864 0.604519784450531 6
1706224714111 0.6327683329582214 7
1706224715491 0.6525423526763916 8
1706224716487 0.694915235042572 9
1706224717317 0.7344632744789124 10
1706224718364 0.7768361568450928 11
1706224719246 0.8079096078872681 12
1706224720030 0.805084764957428 13
1706224720880 0.8728813529014587 14
1706224739338 0.453125 0
1706224739409 0.453125 0
