1706224706634 128.14797973632812 0
1706224707686 29.172609329223633 1
1706224708715 6.624943256378174 2
1706224709970 3.328434944152832 3
1706224710874 3.2169547080993652 4
1706224711841 2.134497880935669 5
1706224712864 1.7709146738052368 6
1706224714111 1.4708287715911865 7
1706224715491 1.389503836631775 8
1706224716487 1.104568600654602 9
1706224717317 0.9638587236404419 10
1706224718364 0.755158007144928 11
1706224719246 0.6799100041389465 12
1706224720030 0.657882571220398 13
1706224720880 0.5004494786262512 14
