1706227716196 0.12711864709854126 0
1706227717163 0.20338982343673706 1
1706227718128 0.31073445081710815 2
1706227719436 0.299435019493103 3
1706227720750 0.35593220591545105 4
1706227722459 0.41807910799980164 5
1706227723402 0.443502813577652 6
1706227724388 0.5310734510421753 7
1706227725309 0.6214689016342163 8
1706227726206 0.5254237055778503 9
1706227727146 0.6016949415206909 10
1706227728267 0.6186440587043762 11
1706227729209 0.6271186470985413 12
1706227730495 0.7062146663665771 13
1706227731463 0.694915235042572 14
1706227743810 0.5 0
1706227743892 0.5 0
