1706227716196 158.57302856445312 0
1706227717163 50.1622200012207 1
1706227718128 10.064531326293945 2
1706227719436 7.649155616760254 3
1706227720750 5.152749538421631 4
1706227722459 4.129004955291748 5
1706227723402 3.7553749084472656 6
1706227724388 2.514373302459717 7
1706227725309 1.9665539264678955 8
1706227726206 2.143099784851074 9
1706227727146 1.8557507991790771 10
1706227728267 1.4851047992706299 11
1706227729209 1.6107970476150513 12
1706227730495 1.1553630828857422 13
1706227731463 1.358673095703125 14
