1706285010498 0.14193548262119293 0
1706285011880 0.24193547666072845 1
1706285013435 0.4096774160861969 2
1706285015392 0.6000000238418579 3
1706285016803 0.7451612949371338 4
1706285018142 0.8612903356552124 5
1706285019569 0.9548386931419373 6
1706285022219 0.9806451797485352 7
1706285023954 0.977419376373291 8
1706285025076 0.9903225898742676 9
1706285026401 0.9870967864990234 10
1706285027514 0.9903225898742676 11
1706285029536 0.9870967864990234 12
1706285031422 0.9903225898742676 13
1706285033342 0.9935483932495117 14
1706285072042 0.46875 0
