1706285010498 89.47757720947266 0
1706285011880 2.6047070026397705 1
1706285013435 1.5825632810592651 2
1706285015392 1.176600694656372 3
1706285016803 0.7751323580741882 4
1706285018142 0.5101585388183594 5
1706285019569 0.1918403059244156 6
1706285022219 0.08957507461309433 7
1706285023954 0.08002712577581406 8
1706285025076 0.093594491481781 9
1706285026401 0.0362245999276638 10
1706285027514 0.03411180526018143 11
1706285029536 0.033239904791116714 12
1706285031422 0.029663005843758583 13
1706285033342 0.019505202770233154 14
