1706225863644 0.06774193793535233 0
1706225864315 0.1387096792459488 1
1706225865057 0.12580645084381104 2
1706225865724 0.15806451439857483 3
1706225866462 0.2806451618671417 4
1706225867195 0.3354838788509369 5
1706225867876 0.39032256603240967 6
1706225868505 0.4419354796409607 7
1706225869180 0.4677419364452362 8
1706225869817 0.43225806951522827 9
1706225870473 0.522580623626709 10
1706225871224 0.49677419662475586 11
1706225871888 0.448387086391449 12
1706225872556 0.57419353723526 13
1706225873401 0.5322580933570862 14
1706225886547 0.53125 0
