1706225863644 67.28672790527344 0
1706225864315 102.76127624511719 1
1706225865057 71.59307098388672 2
1706225865724 21.822601318359375 3
1706225866462 8.579222679138184 4
1706225867195 5.509275913238525 5
1706225867876 5.225588798522949 6
1706225868505 2.983738660812378 7
1706225869180 2.914429187774658 8
1706225869817 3.402338981628418 9
1706225870473 2.255685806274414 10
1706225871224 2.330416440963745 11
1706225871888 4.25026273727417 12
1706225872556 1.7271279096603394 13
1706225873401 2.055253744125366 14
