1706285076939 0.10322580486536026 0
1706285077833 0.10322580486536026 1
1706285078862 0.10322580486536026 2
1706285079780 0.10322580486536026 3
1706285080684 0.10322580486536026 4
1706285081720 0.10322580486536026 5
1706285082599 0.10322580486536026 6
1706285083458 0.10322580486536026 7
1706285084312 0.10322580486536026 8
1706285085230 0.10322580486536026 9
1706285086224 0.10322580486536026 10
1706285087666 0.10322580486536026 11
1706285088822 0.10322580486536026 12
1706285090070 0.10322580486536026 13
1706285091261 0.10322580486536026 14
1706285107205 0.125 0
