1706285076939 17.645238876342773 0
1706285077833 17.65070343017578 1
1706285078862 17.650806427001953 2
1706285079780 17.650806427001953 3
1706285080684 17.650806427001953 4
1706285081720 17.650806427001953 5
1706285082599 17.650806427001953 6
1706285083458 17.650806427001953 7
1706285084312 17.650806427001953 8
1706285085230 17.650806427001953 9
1706285086224 17.650806427001953 10
1706285087666 17.650806427001953 11
1706285088822 17.650806427001953 12
1706285090070 17.65080451965332 13
1706285091261 17.65080451965332 14
