1706222072491 0.106451615691185 0
1706222073220 0.20967741310596466 1
1706222074218 0.4161290228366852 2
1706222075185 0.6064516305923462 3
1706222076460 0.7870967984199524 4
1706222077542 0.8258064389228821 5
1706222078734 0.9419354796409607 6
1706222079833 0.874193549156189 7
1706222080643 0.8290322422981262 8
1706222081373 0.9741935729980469 9
1706222082584 0.9903225898742676 10
1706222083657 0.9935483932495117 11
1706222084650 0.9967741966247559 12
1706222085466 0.9967741966247559 13
1706222086477 1.0 14
1706222087470 1.0 15
1706222088313 0.7548387050628662 16
1706222089148 0.48709678649902344 17
1706222090006 0.8032258152961731 18
1706222091037 0.977419376373291 19
1706222107613 0.390625 0
