1706222072491 353.8905944824219 0
1706222073220 7.418705940246582 1
1706222074218 2.266724109649658 2
1706222075185 1.1966718435287476 3
1706222076460 0.6443619132041931 4
1706222077542 0.5446029901504517 5
1706222078734 0.24779896438121796 6
1706222079833 0.4601000249385834 7
1706222080643 0.6038251519203186 8
1706222081373 0.14668111503124237 9
1706222082584 0.0515630766749382 10
1706222083657 0.02481044828891754 11
1706222084650 0.012683709152042866 12
1706222085466 0.008005996234714985 13
1706222086477 0.005521129816770554 14
1706222087470 0.00279407505877316 15
1706222088313 4.232292175292969 16
1706222089148 6.275249481201172 17
1706222090006 1.6301484107971191 18
1706222091037 0.08784295618534088 19
