1706284878642 0.1645161360502243 0
1706284880323 0.3709677457809448 1
1706284881993 0.5258064270019531 2
1706284883373 0.7483870983123779 3
1706284884874 0.8870967626571655 4
1706284886405 0.9612902998924255 5
1706284887913 0.9903225898742676 6
1706284890030 0.9967741966247559 7
1706284891363 0.9903225898742676 8
1706284892615 0.9967741966247559 9
1706284893792 0.9967741966247559 10
1706284895022 1.0 11
1706284896358 1.0 12
1706284897609 1.0 13
1706284898892 1.0 14
1706284900096 1.0 15
1706284901303 1.0 16
1706284902674 1.0 17
1706284903924 1.0 18
1706284905229 1.0 19
1706284922404 0.515625 0
