1706284878642 122.04910278320312 0
1706284880323 2.9442975521087646 1
1706284881993 1.4142040014266968 2
1706284883373 0.811677873134613 3
1706284884874 0.35767993330955505 4
1706284886405 0.1898706704378128 5
1706284887913 0.0714055746793747 6
1706284890030 0.024363873526453972 7
1706284891363 0.020981961861252785 8
1706284892615 0.014282656833529472 9
1706284893792 0.01110229641199112 10
1706284895022 0.005661174189299345 11
1706284896358 0.0035900401417165995 12
1706284897609 0.0012183680664747953 13
1706284898892 0.0004824080388061702 14
1706284900096 0.0002874349302146584 15
1706284901303 0.00018725990958046168 16
1706284902674 0.00014544723671860993 17
1706284903924 0.00011376548354746774 18
1706284905229 9.670562576502562e-05 19
