1706225620357 0.11935483664274216 0
1706225621275 0.10967741906642914 1
1706225622289 0.10967741906642914 2
1706225623495 0.15806451439857483 3
1706225624553 0.14516128599643707 4
1706225625575 0.1967741996049881 5
1706225626839 0.2709677517414093 6
1706225627963 0.3096774220466614 7
1706225629060 0.39032256603240967 8
1706225630289 0.3935483992099762 9
1706225631206 0.448387086391449 10
1706225632211 0.5032258033752441 11
1706225633115 0.4161290228366852 12
1706225634108 0.5290322303771973 13
1706225635075 0.448387086391449 14
1706225653274 0.328125 0
