1706225620357 123.15510559082031 0
1706225621275 194.52297973632812 1
1706225622289 58.80525588989258 2
1706225623495 51.665855407714844 3
1706225624553 32.258358001708984 4
1706225625575 25.14484405517578 5
1706225626839 18.297216415405273 6
1706225627963 11.161001205444336 7
1706225629060 9.053752899169922 8
1706225630289 6.668928623199463 9
1706225631206 5.300140380859375 10
1706225632211 4.216266632080078 11
1706225633115 3.9728987216949463 12
1706225634108 3.0198662281036377 13
1706225635075 3.2967262268066406 14
