1706282255186 0.106451615691185 0
1706282256729 0.10322580486536026 1
1706282258686 0.106451615691185 2
1706282260222 0.106451615691185 3
1706282262115 0.106451615691185 4
1706282263615 0.10322580486536026 5
1706282264841 0.10322580486536026 6
1706282266058 0.106451615691185 7
1706282267834 0.106451615691185 8
1706282269606 0.106451615691185 9
1706282270805 0.106451615691185 10
1706282272334 0.106451615691185 11
1706282273943 0.106451615691185 12
1706282275056 0.106451615691185 13
1706282276806 0.106451615691185 14
1706282277935 0.106451615691185 15
1706282279037 0.106451615691185 16
1706282281036 0.106451615691185 17
1706282282333 0.106451615691185 18
1706282283516 0.106451615691185 19
1706282284930 0.10322580486536026 20
1706282286559 0.106451615691185 21
1706282287788 0.10967741906642914 22
1706282289533 0.10967741906642914 23
1706282291126 0.10967741906642914 24
1706282292868 0.10967741906642914 25
1706282294535 0.10967741906642914 26
1706282295942 0.10967741906642914 27
1706282297627 0.10967741906642914 28
1706282299282 0.10967741906642914 29
1706282314766 0.140625 0
