1706282255186 17.6483097076416 0
1706282256729 17.649436950683594 1
1706282258686 17.650693893432617 2
1706282260222 17.650436401367188 3
1706282262115 17.650487899780273 4
1706282263615 17.650711059570312 5
1706282264841 17.65064239501953 6
1706282266058 17.65068244934082 7
1706282267834 17.65048599243164 8
1706282269606 17.65059471130371 9
1706282270805 17.650590896606445 10
1706282272334 17.650705337524414 11
1706282273943 17.65080451965332 12
1706282275056 17.65080451965332 13
1706282276806 17.65080451965332 14
1706282277935 17.650802612304688 15
1706282279037 17.650802612304688 16
1706282281036 17.650800704956055 17
1706282282333 17.650793075561523 18
1706282283516 17.6507568359375 19
1706282284930 17.65069580078125 20
1706282286559 17.650733947753906 21
1706282287788 17.650806427001953 22
1706282289533 17.650806427001953 23
1706282291126 17.650806427001953 24
1706282292868 17.650806427001953 25
1706282294535 17.650806427001953 26
1706282295942 17.650806427001953 27
1706282297627 17.650806427001953 28
1706282299282 17.650806427001953 29
