1706285110379 0.1214689239859581 0
1706285111257 0.16384181380271912 1
1706285112319 0.24858756363391876 2
1706285113399 0.32203391194343567 3
1706285114406 0.3813559412956238 4
1706285116017 0.4237288236618042 5
1706285117973 0.4548022747039795 6
1706285118998 0.5028248429298401 7
1706285120099 0.5028248429298401 8
1706285121129 0.5225988626480103 9
1706285122869 0.5508474707603455 10
1706285123980 0.590395450592041 11
1706285125282 0.590395450592041 12
1706285128342 0.6723163723945618 13
1706285129891 0.6836158037185669 14
1706285150292 0.40625 0
1706285150390 0.40625 0
