1706285110379 130.03280639648438 0
1706285111257 34.38208770751953 1
1706285112319 15.482100486755371 2
1706285113399 10.223762512207031 3
1706285114406 7.030888557434082 4
1706285116017 5.424039363861084 5
1706285117973 4.149009704589844 6
1706285118998 3.4240760803222656 7
1706285120099 2.8429126739501953 8
1706285121129 2.189091682434082 9
1706285122869 1.8848395347595215 10
1706285123980 1.5810574293136597 11
1706285125282 1.5524202585220337 12
1706285128342 1.2404546737670898 13
1706285129891 1.1367322206497192 14
